04/11 -7061 5865 1196
04/11 -6884 5682 1202
04/11 -6910 5709 1201
05/11 -3663 2596 1067
05/11 -4015 2614 1401
06/11 -4209 2956 1253
06/11 -4103 2865 1238
06/11 -4018 2986 1032
07/11 -25164 24035 1129
07/11 -24775 23603 1172
07/11 -4714 3356 1358
07/11 -5535 4303 1232
08/11 -5581 4276 1305
08/11 -5447 4881 566
08/11 -6516 5656 860
09/11 -5095 4799 296
09/11 -3784 3971 -187
09/11 -1359 1872 -513
10/11 5658 -5152 -506
04/12 -1984 2130 -146
04/12 -347 760 -413
05/12 1188 -906 -282
05/12 1120 -1001 -119
05/12 826 -776 -50
05/12 1025 -647 -378
05/12 207 88 -295
06/12 1098 -566 -532
06/12 666 -447 -219
06/12 350 -30 -320
06/12 395 24 -419
07/12 741 -144 -597
07/12 893 -536 -357
07/12 1354 -942 -412
07/12 1321 -959 -362
07/12 1155 -886 -269
08/12 718 -368 -350
08/12 440 -161 -279
08/12 274 -159 -115
08/12 -219 33 186
09/12 -72 -125 197
09/12 -860 670 190
09/12 -934 744 190
10/12 -18293 18041 252
10/12 -18311 18241 70
10/12 -18493 18276 217
10/12 -18628 18152 476
11/12 -18914 18338 576
11/12 -18562 18258 304
11/12 -18197 18007 190
11/12 -17290 17240 50
12/12 -15771 15616 155
12/12 -16442 16414 28
12/12 -13492 13528 -36
12/12 -14773 14764 9
12/12 -14674 14713 -39
01/13 -16107 15955 152
01/13 -7138 6978 160
01/13 -7192 7087 105
01/13 -9802 9456 346
02/13 -9483 9043 440
02/13 -8857 8299 558
02/13 -8755 7916 839
02/13 -7072 6342 730
03/13 -10268 9600 668
03/13 -10470 9715 755
03/13 -12789 12017 772
03/13 -12950 12286 664
04/13 -9071 8630 441
04/13 -12111 11698 413
04/13 -12579 12090 489
04/13 -10874 10412 462
04/13 -11748 11063 685
05/13 -15724 15217 507
05/13 -18936 18340 596
05/13 -18280 17902 378
05/13 -18200 18031 169
06/13 -5017 5107 -90
06/13 -5545 6325 -780
06/13 -7146 8159 -1013
06/13 -3299 3921 -622
07/13 -700 1541 -841
07/13 -741 1549 -808
07/13 -1320 1704 -384
07/13 -1579 1893 -314
07/13 -2015 2272 -257
08/13 -749 1048 -299
08/13 -21 341 -320
08/13 -113 209 -96
08/13 -1105 905 200
09/13 -990 1085 -95
09/13 -1549 1643 -94
09/13 -1640 1703 -63
09/13 -1120 1154 -34
10/13 -956 885 71
10/13 -1614 1786 -172
11/13 -4448 4591 -143
01/14 211 529 -740
01/14 199 538 -737
01/14 1120 14 -1134
02/14 1148 47 -1195
02/14 -7 856 -849
02/14 -261 396 -135
03/14 -7409 7271 138
03/14 -7855 7820 35
03/14 -7592 7537 55
03/14 -7176 7052 124
04/14 -8034 7809 225
04/14 -10069 9433 636
04/14 -10264 9606 658
04/14 -8432 7915 517
04/14 -8065 7598 467
05/14 -9716 9153 563
05/14 -9717 8994 723
05/14 -9714 8928 786
05/14 -9785 9160 625
06/14 -9658 9222 436
06/14 -9070 8448 622
06/14 -8949 8290 659
06/14 -15018 14255 763
07/14 -18308 17608 700
07/14 -16169 15546 623
07/14 -16005 15342 663
07/14 -14887 14585 302
07/14 -16831 16379 452
08/14 -16505 16108 397
08/14 -15220 14538 682
08/14 -4129 3605 524
08/14 6406 -6753 347
09/14 8311 -3001 -5310
09/14 -80 -681 761
09/14 3569 -4238 669
09/14 7078 -7560 482
09/14 16473 -16700 227
10/14 21113 -21121 8
10/14 20231 -20092 -139
10/14 20848 -20909 61
10/14 21168 -21127 -41
11/14 43279 -43544 265
11/14 44582 -44655 73
11/14 47808 -47804 -4
11/14 47699 -47786 87
12/14 48824 -49147 323
12/14 49872 -50081 209
12/14 49883 -50160 277
12/14 49772 -49904 132
12/14 29570 -29452 -118
01/15 98 -11 -87
01/15 -4427 3768 659
02/15 -8320 8670 -350
02/15 -5979 6360 -381
02/15 -4184 4561 -377
03/15 9135 -8598 -537
03/15 9244 -8550 -694
03/15 7882 -7183 -699
03/15 8607 -8034 -573
04/15 7586 -7261 -325
04/15 5326 -5017 -309
04/15 5004 -4766 -238
05/15 -5914 5814 100
05/15 -4605 4805 -200
05/15 -3504 3876 -372
06/15 1432 -1251 -181
06/15 1300 -1412 112
06/15 1195 -1314 119
06/15 237 -179 -58
06/15 -3535 3544 -9
07/15 -1959 2280 -321
07/15 -3304 3542 -238
07/15 -5687 6206 -519
07/15 1404 7 -1411
08/15 5297 -4464 -833
08/15 5897 -5205 -692
08/15 11009 -10301 -708
08/15 6298 -5917 -381
09/15 7430 -6632 -798
09/15 6597 -5845 -752
09/15 6823 -5760 -1063
09/15 6827 -5848 -979
09/15 6741 -5997 -744
10/15 2456 -1807 -649
10/15 517 89 -606
10/15 729 -58 -671
10/15 588 -69 -519
11/15 -922 1700 -778
11/15 -1973 2433 -460
11/15 -2221 2579 -358
11/15 -2767 3145 -378
12/15 -3028 3661 -633
12/15 -4827 5384 -557
12/15 -3530 4148 -618
12/15 -2366 3060 -694
12/15 -2092 2551 -459
01/16 2695 -2070 -625
01/16 4191 -3544 -647
01/16 3828 -3316 -512
01/16 4237 -3713 -524
02/16 3647 -3138 -509
02/16 2792 -2573 -219
02/16 1567 -1337 -230
02/16 -939 1195 -256
03/16 -1059 1469 -410
03/16 -5161 5634 -473
03/16 -5027 5058 -31
03/16 -8219 8257 -38
03/16 -9429 9428 1
04/16 -15240 15172 68
04/16 -13546 13841 -295
04/16 -13279 13164 115
04/16 -14142 14089 53
05/16 554 -845 291
05/16 -317 192 125
05/16 -460 323 137
05/16 -304 349 -45
05/16 306 -282 -24
06/16 -12866 12848 18
06/16 -12737 12477 260
06/16 -13407 12972 435
06/16 -12998 12716 282
07/16 -13260 12390 870
07/16 -13063 12124 939
07/16 -12298 11480 818
07/16 -12342 11510 832
08/16 -806 -97 903
08/16 -1047 -136 1183
08/16 -1424 366 1058
08/16 -1198 251 947
08/16 -1478 800 678
09/16 -11619 10592 1027
09/16 -11048 9961 1087
09/16 -10161 9357 804
09/16 -10900 10173 727
10/16 -15481 14768 713
10/16 -15646 14842 804
10/16 -17951 17091 860
10/16 -18236 17347 889
11/16 -18532 16656 1876
11/16 -20478 19452 1026
11/16 -16419 15542 877
11/16 -14609 13697 912
11/16 -14734 14000 734
12/16 -7912 7252 660
12/16 -7901 7018 883
12/16 -13902 12907 995
12/16 -16343 15367 976
01/17 -21323 20230 1093
01/17 -22804 21797 1007
01/17 -24802 23740 1062
01/17 -26095 24959 1136
01/17 -26270 24963 1307
02/17 -27222 25907 1315
02/17 -27532 26050 1482
02/17 -26037 24473 1564
02/17 -20156 18592 1564
03/17 -19371 17936 1435
03/17 -17210 15845 1365
03/17 -17169 15908 1261
03/17 -17750 16465 1285
04/17 -16675 15434 1241
04/17 -15261 14259 1002
04/17 -14224 13292 932
04/17 -13237 12230 1007
05/17 -8603 7483 1120
05/17 -7717 5975 1742
05/17 -8870 7572 1298
05/17 -8312 7650 662
05/17 -8429 8107 322
06/17 -5138 4149 989
06/17 -4865 3906 959
06/17 -4864 3970 894
06/17 -5145 4282 863
07/17 -3972 4024 -52
07/17 -2199 1437 762
07/17 -6215 4936 1279
07/17 -5552 4330 1222
08/17 -6892 5845 1047
08/17 -13107 11639 1468
08/17 -12156 10814 1342
08/17 -11550 10186 1364
08/17 -10314 9315 999
09/17 -13188 11749 1439
09/17 -13012 11363 1649
09/17 -12551 10915 1636
09/17 -12914 11379 1535
10/17 -18970 17692 1278
10/17 -22311 20874 1437
10/17 -22857 20886 1971
10/17 -19567 18362 1205
10/17 -18057 16426 1631
11/17 -11281 10136 1145
11/17 -10326 9627 699
11/17 -9260 8194 1066
11/17 -5101 4300 801
12/17 1099 -1793 694
12/17 969 -1825 856
12/17 2242 -2952 710
12/17 1758 -2555 797
01/18 -590 148 442
01/18 -6200 5250 950
01/18 -12265 11207 1058
01/18 -10790 9571 1219
01/18 -10753 9928 825
02/18 -14019 13017 1002
02/18 -10946 10328 618
02/18 -3455 2418 1037
02/18 -3458 2533 925
03/18 11752 -12374 622
03/18 11898 -13318 1420
03/18 11235 -12495 1260
03/18 12577 -14013 1436
04/18 21680 -22788 1108
04/18 22249 -22192 -57
04/18 22574 -22313 -261
04/18 21866 -21471 -395
05/18 22620 -22142 -478
05/18 26056 -25742 -314
05/18 26151 -25685 -466
05/18 25992 -25341 -651
05/18 25917 -25324 -593
06/18 30220 -30262 42
06/18 29515 -28526 -989
06/18 29126 -28024 -1102
06/18 29462 -28797 -665
07/18 29404 -28556 -848
07/18 28297 -27320 -977
07/18 27707 -27010 -697
07/18 27310 -26432 -878
07/18 22246 -21376 -870
08/18 17987 -17205 -782
08/18 18168 -17126 -1042
08/18 19689 -18484 -1205
08/18 19476 -18029 -1447
09/18 18441 -16771 -1670
09/18 27285 -26560 -725
09/18 26871 -26000 -871
09/18 29270 -28589 -681
10/18 27372 -27239 -133
10/18 18622 -18828 206
10/18 15702 -15693 -9
10/18 14740 -15265 525
10/18 15305 -15657 352
11/18 -3917 3600 317
11/18 -3553 3214 339
11/18 -4535 4043 492
11/18 -2913 2455 458
12/18 -849 511 338
12/18 -259 -13 272
12/18 -307 219 88
12/18 -208 -485 693
12/18 2568 -3143 575
01/19 1871 -2896 1025
01/19 67 -1455 1388
01/19 -1373 36 1337
01/19 -1192 -108 1300
02/19 -4389 2767 1622
02/19 -3544 1476 2068
02/19 -3263 1025 2238
02/19 -2954 1097 1857
03/19 -4620 3138 1482
03/19 3613 -4458 845
03/19 -2507 1258 1249
03/19 2000 -3159 1159
04/19 13721 -14059 338
04/19 14217 -14769 552
04/19 13673 -14063 390
04/19 15711 -16357 646
04/19 15103 -15651 548
05/19 24446 -24481 35
05/19 25881 -25920 39
05/19 25914 -25900 -14
05/19 26796 -26901 105
06/19 30486 -30679 193
06/19 25251 -25647 396
06/19 22285 -22567 282
06/19 21602 -22668 1066
07/19 3390 -4262 872
07/19 -953 -94 1047
07/19 -4240 2365 1875
07/19 -4271 2996 1275
04/11 -7061 5865 1196
04/11 -6884 5682 1202
04/11 -6910 5709 1201
05/11 -3663 2596 1067
05/11 -4015 2614 1401
06/11 -4209 2956 1253
06/11 -4103 2865 1238
06/11 -4018 2986 1032
07/11 -25164 24035 1129
07/11 -24775 23603 1172
07/11 -4714 3356 1358
07/11 -5535 4303 1232
08/11 -5581 4276 1305
08/11 -5447 4881 566
08/11 -6516 5656 860
09/11 -5095 4799 296
09/11 -3784 3971 -187
09/11 -1359 1872 -513
10/11 5658 -5152 -506
04/12 -1984 2130 -146
04/12 -347 760 -413
05/12 1188 -906 -282
05/12 1120 -1001 -119
05/12 826 -776 -50
05/12 1025 -647 -378
05/12 207 88 -295
06/12 1098 -566 -532
06/12 666 -447 -219
06/12 350 -30 -320
06/12 395 24 -419
07/12 741 -144 -597
07/12 893 -536 -357
07/12 1354 -942 -412
07/12 1321 -959 -362
07/12 1155 -886 -269
08/12 718 -368 -350
08/12 440 -161 -279
08/12 274 -159 -115
08/12 -219 33 186
09/12 -72 -125 197
09/12 -860 670 190
09/12 -934 744 190
10/12 -18293 18041 252
10/12 -18311 18241 70
10/12 -18493 18276 217
10/12 -18628 18152 476
11/12 -18914 18338 576
11/12 -18562 18258 304
11/12 -18197 18007 190
11/12 -17290 17240 50
12/12 -15771 15616 155
12/12 -16442 16414 28
12/12 -13492 13528 -36
12/12 -14773 14764 9
12/12 -14674 14713 -39
01/13 -16107 15955 152
01/13 -7138 6978 160
01/13 -7192 7087 105
01/13 -9802 9456 346
02/13 -9483 9043 440
02/13 -8857 8299 558
02/13 -8755 7916 839
02/13 -7072 6342 730
03/13 -10268 9600 668
03/13 -10470 9715 755
03/13 -12789 12017 772
03/13 -12950 12286 664
04/13 -9071 8630 441
04/13 -12111 11698 413
04/13 -12579 12090 489
04/13 -10874 10412 462
04/13 -11748 11063 685
05/13 -15724 15217 507
05/13 -18936 18340 596
05/13 -18280 17902 378
05/13 -18200 18031 169
06/13 -5017 5107 -90
06/13 -5545 6325 -780
06/13 -7146 8159 -1013
06/13 -3299 3921 -622
07/13 -700 1541 -841
07/13 -741 1549 -808
07/13 -1320 1704 -384
07/13 -1579 1893 -314
07/13 -2015 2272 -257
08/13 -749 1048 -299
08/13 -21 341 -320
08/13 -113 209 -96
08/13 -1105 905 200
09/13 -990 1085 -95
09/13 -1549 1643 -94
09/13 -1640 1703 -63
09/13 -1120 1154 -34
10/13 -956 885 71
10/13 -1614 1786 -172
11/13 -4448 4591 -143
01/14 211 529 -740
01/14 199 538 -737
01/14 1120 14 -1134
02/14 1148 47 -1195
02/14 -7 856 -849
02/14 -261 396 -135
03/14 -7409 7271 138
03/14 -7855 7820 35
03/14 -7592 7537 55
03/14 -7176 7052 124
04/14 -8034 7809 225
04/14 -10069 9433 636
04/14 -10264 9606 658
04/14 -8432 7915 517
04/14 -8065 7598 467
05/14 -9716 9153 563
05/14 -9717 8994 723
05/14 -9714 8928 786
05/14 -9785 9160 625
06/14 -9658 9222 436
06/14 -9070 8448 622
06/14 -8949 8290 659
06/14 -15018 14255 763
07/14 -18308 17608 700
07/14 -16169 15546 623
07/14 -16005 15342 663
07/14 -14887 14585 302
07/14 -16831 16379 452
08/14 -16505 16108 397
08/14 -15220 14538 682
08/14 -4129 3605 524
08/14 6406 -6753 347
09/14 8311 -3001 -5310
09/14 -80 -681 761
09/14 3569 -4238 669
09/14 7078 -7560 482
09/14 16473 -16700 227
10/14 21113 -21121 8
10/14 20231 -20092 -139
10/14 20848 -20909 61
10/14 21168 -21127 -41
11/14 43279 -43544 265
11/14 44582 -44655 73
11/14 47808 -47804 -4
11/14 47699 -47786 87
12/14 48824 -49147 323
12/14 49872 -50081 209
12/14 49883 -50160 277
12/14 49772 -49904 132
12/14 29570 -29452 -118
01/15 98 -11 -87
01/15 -4427 3768 659
02/15 -8320 8670 -350
02/15 -5979 6360 -381
02/15 -4184 4561 -377
03/15 9135 -8598 -537
03/15 9244 -8550 -694
03/15 7882 -7183 -699
03/15 8607 -8034 -573
04/15 7586 -7261 -325
04/15 5326 -5017 -309
04/15 5004 -4766 -238
05/15 -5914 5814 100
05/15 -4605 4805 -200
05/15 -3504 3876 -372
06/15 1432 -1251 -181
06/15 1300 -1412 112
06/15 1195 -1314 119
06/15 237 -179 -58
06/15 -3535 3544 -9
07/15 -1959 2280 -321
07/15 -3304 3542 -238
07/15 -5687 6206 -519
07/15 1404 7 -1411
08/15 5297 -4464 -833
08/15 5897 -5205 -692
08/15 11009 -10301 -708
08/15 6298 -5917 -381
09/15 7430 -6632 -798
09/15 6597 -5845 -752
09/15 6823 -5760 -1063
09/15 6827 -5848 -979
09/15 6741 -5997 -744
10/15 2456 -1807 -649
10/15 517 89 -606
10/15 729 -58 -671
10/15 588 -69 -519
11/15 -922 1700 -778
11/15 -1973 2433 -460
11/15 -2221 2579 -358
11/15 -2767 3145 -378
12/15 -3028 3661 -633
12/15 -4827 5384 -557
12/15 -3530 4148 -618
12/15 -2366 3060 -694
12/15 -2092 2551 -459
01/16 2695 -2070 -625
01/16 4191 -3544 -647
01/16 3828 -3316 -512
01/16 4237 -3713 -524
02/16 3647 -3138 -509
02/16 2792 -2573 -219
02/16 1567 -1337 -230
02/16 -939 1195 -256
03/16 -1059 1469 -410
03/16 -5161 5634 -473
03/16 -5027 5058 -31
03/16 -8219 8257 -38
03/16 -9429 9428 1
04/16 -15240 15172 68
04/16 -13546 13841 -295
04/16 -13279 13164 115
04/16 -14142 14089 53
05/16 554 -845 291
05/16 -317 192 125
05/16 -460 323 137
05/16 -304 349 -45
05/16 306 -282 -24
06/16 -12866 12848 18
06/16 -12737 12477 260
06/16 -13407 12972 435
06/16 -12998 12716 282
07/16 -13260 12390 870
07/16 -13063 12124 939
07/16 -12298 11480 818
07/16 -12342 11510 832
08/16 -806 -97 903
08/16 -1047 -136 1183
08/16 -1424 366 1058
08/16 -1198 251 947
08/16 -1478 800 678
09/16 -11619 10592 1027
09/16 -11048 9961 1087
09/16 -10161 9357 804
09/16 -10900 10173 727
10/16 -15481 14768 713
10/16 -15646 14842 804
10/16 -17951 17091 860
10/16 -18236 17347 889
11/16 -18532 16656 1876
11/16 -20478 19452 1026
11/16 -16419 15542 877
11/16 -14609 13697 912
11/16 -14734 14000 734
12/16 -7912 7252 660
12/16 -7901 7018 883
12/16 -13902 12907 995
12/16 -16343 15367 976
01/17 -21323 20230 1093
01/17 -22804 21797 1007
01/17 -24802 23740 1062
01/17 -26095 24959 1136
01/17 -26270 24963 1307
02/17 -27222 25907 1315
02/17 -27532 26050 1482
02/17 -26037 24473 1564
02/17 -20156 18592 1564
03/17 -19371 17936 1435
03/17 -17210 15845 1365
03/17 -17169 15908 1261
03/17 -17750 16465 1285
04/17 -16675 15434 1241
04/17 -15261 14259 1002
04/17 -14224 13292 932
04/17 -13237 12230 1007
05/17 -8603 7483 1120
05/17 -7717 5975 1742
05/17 -8870 7572 1298
05/17 -8312 7650 662
05/17 -8429 8107 322
06/17 -5138 4149 989
06/17 -4865 3906 959
06/17 -4864 3970 894
06/17 -5145 4282 863
07/17 -3972 4024 -52
07/17 -2199 1437 762
07/17 -6215 4936 1279
07/17 -5552 4330 1222
08/17 -6892 5845 1047
08/17 -13107 11639 1468
08/17 -12156 10814 1342
08/17 -11550 10186 1364
08/17 -10314 9315 999
09/17 -13188 11749 1439
09/17 -13012 11363 1649
09/17 -12551 10915 1636
09/17 -12914 11379 1535
10/17 -18970 17692 1278
10/17 -22311 20874 1437
10/17 -22857 20886 1971
10/17 -19567 18362 1205
10/17 -18057 16426 1631
11/17 -11281 10136 1145
11/17 -10326 9627 699
11/17 -9260 8194 1066
11/17 -5101 4300 801
12/17 1099 -1793 694
12/17 969 -1825 856
12/17 2242 -2952 710
12/17 1758 -2555 797
01/18 -590 148 442
01/18 -6200 5250 950
01/18 -12265 11207 1058
01/18 -10790 9571 1219
01/18 -10753 9928 825
02/18 -14019 13017 1002
02/18 -10946 10328 618
02/18 -3455 2418 1037
02/18 -3458 2533 925
03/18 11752 -12374 622
03/18 11898 -13318 1420
03/18 11235 -12495 1260
03/18 12577 -14013 1436
04/18 21680 -22788 1108
04/18 22249 -22192 -57
04/18 22574 -22313 -261
04/18 21866 -21471 -395
05/18 22620 -22142 -478
05/18 26056 -25742 -314
05/18 26151 -25685 -466
05/18 25992 -25341 -651
05/18 25917 -25324 -593
06/18 30220 -30262 42
06/18 29515 -28526 -989
06/18 29126 -28024 -1102
06/18 29462 -28797 -665
07/18 29404 -28556 -848
07/18 28297 -27320 -977
07/18 27707 -27010 -697
07/18 27310 -26432 -878
07/18 22246 -21376 -870
08/18 17987 -17205 -782
08/18 18168 -17126 -1042
08/18 19689 -18484 -1205
08/18 19476 -18029 -1447
09/18 18441 -16771 -1670
09/18 27285 -26560 -725
09/18 26871 -26000 -871
09/18 29270 -28589 -681
10/18 27372 -27239 -133
10/18 18622 -18828 206
10/18 15702 -15693 -9
10/18 14740 -15265 525
10/18 15305 -15657 352
11/18 -3917 3600 317
11/18 -3553 3214 339
11/18 -4535 4043 492
11/18 -2913 2455 458
12/18 -849 511 338
12/18 -259 -13 272
12/18 -307 219 88
12/18 -208 -485 693
12/18 2568 -3143 575
01/19 1871 -2896 1025
01/19 67 -1455 1388
01/19 -1373 36 1337
01/19 -1192 -108 1300
02/19 -4389 2767 1622
02/19 -3544 1476 2068
02/19 -3263 1025 2238
02/19 -2954 1097 1857
03/19 -4620 3138 1482
03/19 3613 -4458 845
03/19 -2507 1258 1249
03/19 2000 -3159 1159
04/19 13721 -14059 338
04/19 14217 -14769 552
04/19 13673 -14063 390
04/19 15711 -16357 646
04/19 15103 -15651 548
05/19 24446 -24481 35
05/19 25881 -25920 39
05/19 25914 -25900 -14
05/19 26796 -26901 105
06/19 30486 -30679 193
06/19 25251 -25647 396
06/19 22285 -22567 282
06/19 21602 -22668 1066
07/19 3390 -4262 872
07/19 -953 -94 1047
07/19 -4240 2365 1875
07/19 -4271 2996 1275
04/11 -7061 5865 1196
04/11 -6884 5682 1202
04/11 -6910 5709 1201
05/11 -3663 2596 1067
05/11 -4015 2614 1401
06/11 -4209 2956 1253
06/11 -4103 2865 1238
06/11 -4018 2986 1032
07/11 -25164 24035 1129
07/11 -24775 23603 1172
07/11 -4714 3356 1358
07/11 -5535 4303 1232
08/11 -5581 4276 1305
08/11 -5447 4881 566
08/11 -6516 5656 860
09/11 -5095 4799 296
09/11 -3784 3971 -187
09/11 -1359 1872 -513
10/11 5658 -5152 -506
04/12 -1984 2130 -146
04/12 -347 760 -413
05/12 1188 -906 -282
05/12 1120 -1001 -119
05/12 826 -776 -50
05/12 1025 -647 -378
05/12 207 88 -295
06/12 1098 -566 -532
06/12 666 -447 -219
06/12 350 -30 -320
06/12 395 24 -419
07/12 741 -144 -597
07/12 893 -536 -357
07/12 1354 -942 -412
07/12 1321 -959 -362
07/12 1155 -886 -269
08/12 718 -368 -350
08/12 440 -161 -279
08/12 274 -159 -115
08/12 -219 33 186
09/12 -72 -125 197
09/12 -860 670 190
09/12 -934 744 190
10/12 -18293 18041 252
10/12 -18311 18241 70
10/12 -18493 18276 217
10/12 -18628 18152 476
11/12 -18914 18338 576
11/12 -18562 18258 304
11/12 -18197 18007 190
11/12 -17290 17240 50
12/12 -15771 15616 155
12/12 -16442 16414 28
12/12 -13492 13528 -36
12/12 -14773 14764 9
12/12 -14674 14713 -39
01/13 -16107 15955 152
01/13 -7138 6978 160
01/13 -7192 7087 105
01/13 -9802 9456 346
02/13 -9483 9043 440
02/13 -8857 8299 558
02/13 -8755 7916 839
02/13 -7072 6342 730
03/13 -10268 9600 668
03/13 -10470 9715 755
03/13 -12789 12017 772
03/13 -12950 12286 664
04/13 -9071 8630 441
04/13 -12111 11698 413
04/13 -12579 12090 489
04/13 -10874 10412 462
04/13 -11748 11063 685
05/13 -15724 15217 507
05/13 -18936 18340 596
05/13 -18280 17902 378
05/13 -18200 18031 169
06/13 -5017 5107 -90
06/13 -5545 6325 -780
06/13 -7146 8159 -1013
06/13 -3299 3921 -622
07/13 -700 1541 -841
07/13 -741 1549 -808
07/13 -1320 1704 -384
07/13 -1579 1893 -314
07/13 -2015 2272 -257
08/13 -749 1048 -299
08/13 -21 341 -320
08/13 -113 209 -96
08/13 -1105 905 200
09/13 -990 1085 -95
09/13 -1549 1643 -94
09/13 -1640 1703 -63
09/13 -1120 1154 -34
10/13 -956 885 71
10/13 -1614 1786 -172
11/13 -4448 4591 -143
01/14 211 529 -740
01/14 199 538 -737
01/14 1120 14 -1134
02/14 1148 47 -1195
02/14 -7 856 -849
02/14 -261 396 -135
03/14 -7409 7271 138
03/14 -7855 7820 35
03/14 -7592 7537 55
03/14 -7176 7052 124
04/14 -8034 7809 225
04/14 -10069 9433 636
04/14 -10264 9606 658
04/14 -8432 7915 517
04/14 -8065 7598 467
05/14 -9716 9153 563
05/14 -9717 8994 723
05/14 -9714 8928 786
05/14 -9785 9160 625
06/14 -9658 9222 436
06/14 -9070 8448 622
06/14 -8949 8290 659
06/14 -15018 14255 763
07/14 -18308 17608 700
07/14 -16169 15546 623
07/14 -16005 15342 663
07/14 -14887 14585 302
07/14 -16831 16379 452
08/14 -16505 16108 397
08/14 -15220 14538 682
08/14 -4129 3605 524
08/14 6406 -6753 347
09/14 8311 -3001 -5310
09/14 -80 -681 761
09/14 3569 -4238 669
09/14 7078 -7560 482
09/14 16473 -16700 227
10/14 21113 -21121 8
10/14 20231 -20092 -139
10/14 20848 -20909 61
10/14 21168 -21127 -41
11/14 43279 -43544 265
11/14 44582 -44655 73
11/14 47808 -47804 -4
11/14 47699 -47786 87
12/14 48824 -49147 323
12/14 49872 -50081 209
12/14 49883 -50160 277
12/14 49772 -49904 132
12/14 29570 -29452 -118
01/15 98 -11 -87
01/15 -4427 3768 659
02/15 -8320 8670 -350
02/15 -5979 6360 -381
02/15 -4184 4561 -377
03/15 9135 -8598 -537
03/15 9244 -8550 -694
03/15 7882 -7183 -699
03/15 8607 -8034 -573
04/15 7586 -7261 -325
04/15 5326 -5017 -309
04/15 5004 -4766 -238
05/15 -5914 5814 100
05/15 -4605 4805 -200
05/15 -3504 3876 -372
06/15 1432 -1251 -181
06/15 1300 -1412 112
06/15 1195 -1314 119
06/15 237 -179 -58
06/15 -3535 3544 -9
07/15 -1959 2280 -321
07/15 -3304 3542 -238
07/15 -5687 6206 -519
07/15 1404 7 -1411
08/15 5297 -4464 -833
08/15 5897 -5205 -692
08/15 11009 -10301 -708
08/15 6298 -5917 -381
09/15 7430 -6632 -798
09/15 6597 -5845 -752
09/15 6823 -5760 -1063
09/15 6827 -5848 -979
09/15 6741 -5997 -744
10/15 2456 -1807 -649
10/15 517 89 -606
10/15 729 -58 -671
10/15 588 -69 -519
11/15 -922 1700 -778
11/15 -1973 2433 -460
11/15 -2221 2579 -358
11/15 -2767 3145 -378
12/15 -3028 3661 -633
12/15 -4827 5384 -557
12/15 -3530 4148 -618
12/15 -2366 3060 -694
12/15 -2092 2551 -459
01/16 2695 -2070 -625
01/16 4191 -3544 -647
01/16 3828 -3316 -512
01/16 4237 -3713 -524
02/16 3647 -3138 -509
02/16 2792 -2573 -219
02/16 1567 -1337 -230
02/16 -939 1195 -256
03/16 -1059 1469 -410
03/16 -5161 5634 -473
03/16 -5027 5058 -31
03/16 -8219 8257 -38
03/16 -9429 9428 1
04/16 -15240 15172 68
04/16 -13546 13841 -295
04/16 -13279 13164 115
04/16 -14142 14089 53
05/16 554 -845 291
05/16 -317 192 125
05/16 -460 323 137
05/16 -304 349 -45
05/16 306 -282 -24
06/16 -12866 12848 18
06/16 -12737 12477 260
06/16 -13407 12972 435
06/16 -12998 12716 282
07/16 -13260 12390 870
07/16 -13063 12124 939
07/16 -12298 11480 818
07/16 -12342 11510 832
08/16 -806 -97 903
08/16 -1047 -136 1183
08/16 -1424 366 1058
08/16 -1198 251 947
08/16 -1478 800 678
09/16 -11619 10592 1027
09/16 -11048 9961 1087
09/16 -10161 9357 804
09/16 -10900 10173 727
10/16 -15481 14768 713
10/16 -15646 14842 804
10/16 -17951 17091 860
10/16 -18236 17347 889
11/16 -18532 16656 1876
11/16 -20478 19452 1026
11/16 -16419 15542 877
11/16 -14609 13697 912
11/16 -14734 14000 734
12/16 -7912 7252 660
12/16 -7901 7018 883
12/16 -13902 12907 995
12/16 -16343 15367 976
01/17 -21323 20230 1093
01/17 -22804 21797 1007
01/17 -24802 23740 1062
01/17 -26095 24959 1136
01/17 -26270 24963 1307
02/17 -27222 25907 1315
02/17 -27532 26050 1482
02/17 -26037 24473 1564
02/17 -20156 18592 1564
03/17 -19371 17936 1435
03/17 -17210 15845 1365
03/17 -17169 15908 1261
03/17 -17750 16465 1285
04/17 -16675 15434 1241
04/17 -15261 14259 1002
04/17 -14224 13292 932
04/17 -13237 12230 1007
05/17 -8603 7483 1120
05/17 -7717 5975 1742
05/17 -8870 7572 1298
05/17 -8312 7650 662
05/17 -8429 8107 322
06/17 -5138 4149 989
06/17 -4865 3906 959
06/17 -4864 3970 894
06/17 -5145 4282 863
07/17 -3972 4024 -52
07/17 -2199 1437 762
07/17 -6215 4936 1279
07/17 -5552 4330 1222
08/17 -6892 5845 1047
08/17 -13107 11639 1468
08/17 -12156 10814 1342
08/17 -11550 10186 1364
08/17 -10314 9315 999
09/17 -13188 11749 1439
09/17 -13012 11363 1649
09/17 -12551 10915 1636
09/17 -12914 11379 1535
10/17 -18970 17692 1278
10/17 -22311 20874 1437
10/17 -22857 20886 1971
10/17 -19567 18362 1205
10/17 -18057 16426 1631
11/17 -11281 10136 1145
11/17 -10326 9627 699
11/17 -9260 8194 1066
11/17 -5101 4300 801
12/17 1099 -1793 694
12/17 969 -1825 856
12/17 2242 -2952 710
12/17 1758 -2555 797
01/18 -590 148 442
01/18 -6200 5250 950
01/18 -12265 11207 1058
01/18 -10790 9571 1219
01/18 -10753 9928 825
02/18 -14019 13017 1002
02/18 -10946 10328 618
02/18 -3455 2418 1037
02/18 -3458 2533 925
03/18 11752 -12374 622
03/18 11898 -13318 1420
03/18 11235 -12495 1260
03/18 12577 -14013 1436
04/18 21680 -22788 1108
04/18 22249 -22192 -57
04/18 22574 -22313 -261
04/18 21866 -21471 -395
05/18 22620 -22142 -478
05/18 26056 -25742 -314
05/18 26151 -25685 -466
05/18 25992 -25341 -651
05/18 25917 -25324 -593
06/18 30220 -30262 42
06/18 29515 -28526 -989
06/18 29126 -28024 -1102
06/18 29462 -28797 -665
07/18 29404 -28556 -848
07/18 28297 -27320 -977
07/18 27707 -27010 -697
07/18 27310 -26432 -878
07/18 22246 -21376 -870
08/18 17987 -17205 -782
08/18 18168 -17126 -1042
08/18 19689 -18484 -1205
08/18 19476 -18029 -1447
09/18 18441 -16771 -1670
09/18 27285 -26560 -725
09/18 26871 -26000 -871
09/18 29270 -28589 -681
10/18 27372 -27239 -133
10/18 18622 -18828 206
10/18 15702 -15693 -9
10/18 14740 -15265 525
10/18 15305 -15657 352
11/18 -3917 3600 317
11/18 -3553 3214 339
11/18 -4535 4043 492
11/18 -2913 2455 458
12/18 -849 511 338
12/18 -259 -13 272
12/18 -307 219 88
12/18 -208 -485 693
12/18 2568 -3143 575
01/19 1871 -2896 1025
01/19 67 -1455 1388
01/19 -1373 36 1337
01/19 -1192 -108 1300
02/19 -4389 2767 1622
02/19 -3544 1476 2068
02/19 -3263 1025 2238
02/19 -2954 1097 1857
03/19 -4620 3138 1482
03/19 3613 -4458 845
03/19 -2507 1258 1249
03/19 2000 -3159 1159
04/19 13721 -14059 338
04/19 14217 -14769 552
04/19 13673 -14063 390
04/19 15711 -16357 646
04/19 15103 -15651 548
05/19 24446 -24481 35
05/19 25881 -25920 39
05/19 25914 -25900 -14
05/19 26796 -26901 105
06/19 30486 -30679 193
06/19 25251 -25647 396
06/19 22285 -22567 282
06/19 21602 -22668 1066
07/19 3390 -4262 872
07/19 -953 -94 1047
07/19 -4240 2365 1875
07/19 -4271 2996 1275
04/11 -7061 5865 1196
04/11 -6884 5682 1202
04/11 -6910 5709 1201
05/11 -3663 2596 1067
05/11 -4015 2614 1401
06/11 -4209 2956 1253
06/11 -4103 2865 1238
06/11 -4018 2986 1032
07/11 -25164 24035 1129
07/11 -24775 23603 1172
07/11 -4714 3356 1358
07/11 -5535 4303 1232
08/11 -5581 4276 1305
08/11 -5447 4881 566
08/11 -6516 5656 860
09/11 -5095 4799 296
09/11 -3784 3971 -187
09/11 -1359 1872 -513
10/11 5658 -5152 -506
04/12 -1984 2130 -146
04/12 -347 760 -413
05/12 1188 -906 -282
05/12 1120 -1001 -119
05/12 826 -776 -50
05/12 1025 -647 -378
05/12 207 88 -295
06/12 1098 -566 -532
06/12 666 -447 -219
06/12 350 -30 -320
06/12 395 24 -419
07/12 741 -144 -597
07/12 893 -536 -357
07/12 1354 -942 -412
07/12 1321 -959 -362
07/12 1155 -886 -269
08/12 718 -368 -350
08/12 440 -161 -279
08/12 274 -159 -115
08/12 -219 33 186
09/12 -72 -125 197
09/12 -860 670 190
09/12 -934 744 190
10/12 -18293 18041 252
10/12 -18311 18241 70
10/12 -18493 18276 217
10/12 -18628 18152 476
11/12 -18914 18338 576
11/12 -18562 18258 304
11/12 -18197 18007 190
11/12 -17290 17240 50
12/12 -15771 15616 155
12/12 -16442 16414 28
12/12 -13492 13528 -36
12/12 -14773 14764 9
12/12 -14674 14713 -39
01/13 -16107 15955 152
01/13 -7138 6978 160
01/13 -7192 7087 105
01/13 -9802 9456 346
02/13 -9483 9043 440
02/13 -8857 8299 558
02/13 -8755 7916 839
02/13 -7072 6342 730
03/13 -10268 9600 668
03/13 -10470 9715 755
03/13 -12789 12017 772
03/13 -12950 12286 664
04/13 -9071 8630 441
04/13 -12111 11698 413
04/13 -12579 12090 489
04/13 -10874 10412 462
04/13 -11748 11063 685
05/13 -15724 15217 507
05/13 -18936 18340 596
05/13 -18280 17902 378
05/13 -18200 18031 169
06/13 -5017 5107 -90
06/13 -5545 6325 -780
06/13 -7146 8159 -1013
06/13 -3299 3921 -622
07/13 -700 1541 -841
07/13 -741 1549 -808
07/13 -1320 1704 -384
07/13 -1579 1893 -314
07/13 -2015 2272 -257
08/13 -749 1048 -299
08/13 -21 341 -320
08/13 -113 209 -96
08/13 -1105 905 200
09/13 -990 1085 -95
09/13 -1549 1643 -94
09/13 -1640 1703 -63
09/13 -1120 1154 -34
10/13 -956 885 71
10/13 -1614 1786 -172
11/13 -4448 4591 -143
01/14 211 529 -740
01/14 199 538 -737
01/14 1120 14 -1134
02/14 1148 47 -1195
02/14 -7 856 -849
02/14 -261 396 -135
03/14 -7409 7271 138
03/14 -7855 7820 35
03/14 -7592 7537 55
03/14 -7176 7052 124
04/14 -8034 7809 225
04/14 -10069 9433 636
04/14 -10264 9606 658
04/14 -8432 7915 517
04/14 -8065 7598 467
05/14 -9716 9153 563
05/14 -9717 8994 723
05/14 -9714 8928 786
05/14 -9785 9160 625
06/14 -9658 9222 436
06/14 -9070 8448 622
06/14 -8949 8290 659
06/14 -15018 14255 763
07/14 -18308 17608 700
07/14 -16169 15546 623
07/14 -16005 15342 663
07/14 -14887 14585 302
07/14 -16831 16379 452
08/14 -16505 16108 397
08/14 -15220 14538 682
08/14 -4129 3605 524
08/14 6406 -6753 347
09/14 8311 -3001 -5310
09/14 -80 -681 761
09/14 3569 -4238 669
09/14 7078 -7560 482
09/14 16473 -16700 227
10/14 21113 -21121 8
10/14 20231 -20092 -139
10/14 20848 -20909 61
10/14 21168 -21127 -41
11/14 43279 -43544 265
11/14 44582 -44655 73
11/14 47808 -47804 -4
11/14 47699 -47786 87
12/14 48824 -49147 323
12/14 49872 -50081 209
12/14 49883 -50160 277
12/14 49772 -49904 132
12/14 29570 -29452 -118
01/15 98 -11 -87
01/15 -4427 3768 659
02/15 -8320 8670 -350
02/15 -5979 6360 -381
02/15 -4184 4561 -377
03/15 9135 -8598 -537
03/15 9244 -8550 -694
03/15 7882 -7183 -699
03/15 8607 -8034 -573
04/15 7586 -7261 -325
04/15 5326 -5017 -309
04/15 5004 -4766 -238
05/15 -5914 5814 100
05/15 -4605 4805 -200
05/15 -3504 3876 -372
06/15 1432 -1251 -181
06/15 1300 -1412 112
06/15 1195 -1314 119
06/15 237 -179 -58
06/15 -3535 3544 -9
07/15 -1959 2280 -321
07/15 -3304 3542 -238
07/15 -5687 6206 -519
07/15 1404 7 -1411
08/15 5297 -4464 -833
08/15 5897 -5205 -692
08/15 11009 -10301 -708
08/15 6298 -5917 -381
09/15 7430 -6632 -798
09/15 6597 -5845 -752
09/15 6823 -5760 -1063
09/15 6827 -5848 -979
09/15 6741 -5997 -744
10/15 2456 -1807 -649
10/15 517 89 -606
10/15 729 -58 -671
10/15 588 -69 -519
11/15 -922 1700 -778
11/15 -1973 2433 -460
11/15 -2221 2579 -358
11/15 -2767 3145 -378
12/15 -3028 3661 -633
12/15 -4827 5384 -557
12/15 -3530 4148 -618
12/15 -2366 3060 -694
12/15 -2092 2551 -459
01/16 2695 -2070 -625
01/16 4191 -3544 -647
01/16 3828 -3316 -512
01/16 4237 -3713 -524
02/16 3647 -3138 -509
02/16 2792 -2573 -219
02/16 1567 -1337 -230
02/16 -939 1195 -256
03/16 -1059 1469 -410
03/16 -5161 5634 -473
03/16 -5027 5058 -31
03/16 -8219 8257 -38
03/16 -9429 9428 1
04/16 -15240 15172 68
04/16 -13546 13841 -295
04/16 -13279 13164 115
04/16 -14142 14089 53
05/16 554 -845 291
05/16 -317 192 125
05/16 -460 323 137
05/16 -304 349 -45
05/16 306 -282 -24
06/16 -12866 12848 18
06/16 -12737 12477 260
06/16 -13407 12972 435
06/16 -12998 12716 282
07/16 -13260 12390 870
07/16 -13063 12124 939
07/16 -12298 11480 818
07/16 -12342 11510 832
08/16 -806 -97 903
08/16 -1047 -136 1183
08/16 -1424 366 1058
08/16 -1198 251 947
08/16 -1478 800 678
09/16 -11619 10592 1027
09/16 -11048 9961 1087
09/16 -10161 9357 804
09/16 -10900 10173 727
10/16 -15481 14768 713
10/16 -15646 14842 804
10/16 -17951 17091 860
10/16 -18236 17347 889
11/16 -18532 16656 1876
11/16 -20478 19452 1026
11/16 -16419 15542 877
11/16 -14609 13697 912
11/16 -14734 14000 734
12/16 -7912 7252 660
12/16 -7901 7018 883
12/16 -13902 12907 995
12/16 -16343 15367 976
01/17 -21323 20230 1093
01/17 -22804 21797 1007
01/17 -24802 23740 1062
01/17 -26095 24959 1136
01/17 -26270 24963 1307
02/17 -27222 25907 1315
02/17 -27532 26050 1482
02/17 -26037 24473 1564
02/17 -20156 18592 1564
03/17 -19371 17936 1435
03/17 -17210 15845 1365
03/17 -17169 15908 1261
03/17 -17750 16465 1285
04/17 -16675 15434 1241
04/17 -15261 14259 1002
04/17 -14224 13292 932
04/17 -13237 12230 1007
05/17 -8603 7483 1120
05/17 -7717 5975 1742
05/17 -8870 7572 1298
05/17 -8312 7650 662
05/17 -8429 8107 322
06/17 -5138 4149 989
06/17 -4865 3906 959
06/17 -4864 3970 894
06/17 -5145 4282 863
07/17 -3972 4024 -52
07/17 -2199 1437 762
07/17 -6215 4936 1279
07/17 -5552 4330 1222
08/17 -6892 5845 1047
08/17 -13107 11639 1468
08/17 -12156 10814 1342
08/17 -11550 10186 1364
08/17 -10314 9315 999
09/17 -13188 11749 1439
09/17 -13012 11363 1649
09/17 -12551 10915 1636
09/17 -12914 11379 1535
10/17 -18970 17692 1278
10/17 -22311 20874 1437
10/17 -22857 20886 1971
10/17 -19567 18362 1205
10/17 -18057 16426 1631
11/17 -11281 10136 1145
11/17 -10326 9627 699
11/17 -9260 8194 1066
11/17 -5101 4300 801
12/17 1099 -1793 694
12/17 969 -1825 856
12/17 2242 -2952 710
12/17 1758 -2555 797
01/18 -590 148 442
01/18 -6200 5250 950
01/18 -12265 11207 1058
01/18 -10790 9571 1219
01/18 -10753 9928 825
02/18 -14019 13017 1002
02/18 -10946 10328 618
02/18 -3455 2418 1037
02/18 -3458 2533 925
03/18 11752 -12374 622
03/18 11898 -13318 1420
03/18 11235 -12495 1260
03/18 12577 -14013 1436
04/18 21680 -22788 1108
04/18 22249 -22192 -57
04/18 22574 -22313 -261
04/18 21866 -21471 -395
05/18 22620 -22142 -478
05/18 26056 -25742 -314
05/18 26151 -25685 -466
05/18 25992 -25341 -651
05/18 25917 -25324 -593
06/18 30220 -30262 42
06/18 29515 -28526 -989
06/18 29126 -28024 -1102
06/18 29462 -28797 -665
07/18 29404 -28556 -848
07/18 28297 -27320 -977
07/18 27707 -27010 -697
07/18 27310 -26432 -878
07/18 22246 -21376 -870
08/18 17987 -17205 -782
08/18 18168 -17126 -1042
08/18 19689 -18484 -1205
08/18 19476 -18029 -1447
09/18 18441 -16771 -1670
09/18 27285 -26560 -725
09/18 26871 -26000 -871
09/18 29270 -28589 -681
10/18 27372 -27239 -133
10/18 18622 -18828 206
10/18 15702 -15693 -9
10/18 14740 -15265 525
10/18 15305 -15657 352
11/18 -3917 3600 317
11/18 -3553 3214 339
11/18 -4535 4043 492
11/18 -2913 2455 458
12/18 -849 511 338
12/18 -259 -13 272
12/18 -307 219 88
12/18 -208 -485 693
12/18 2568 -3143 575
01/19 1871 -2896 1025
01/19 67 -1455 1388
01/19 -1373 36 1337
01/19 -1192 -108 1300
02/19 -4389 2767 1622
02/19 -3544 1476 2068
02/19 -3263 1025 2238
02/19 -2954 1097 1857
03/19 -4620 3138 1482
03/19 3613 -4458 845
03/19 -2507 1258 1249
03/19 2000 -3159 1159
04/19 13721 -14059 338
04/19 14217 -14769 552
04/19 13673 -14063 390
04/19 15711 -16357 646
04/19 15103 -15651 548
05/19 24446 -24481 35
05/19 25881 -25920 39
05/19 25914 -25900 -14
05/19 26796 -26901 105
06/19 30486 -30679 193
06/19 25251 -25647 396
06/19 22285 -22567 282
06/19 21602 -22668 1066
07/19 3390 -4262 872
07/19 -953 -94 1047
07/19 -4240 2365 1875
07/19 -4271 2996 1275
