02/19 -1467 3402 -1934
01/19 -4277 6891 -2615
01/19 -6757 9382 -2626
01/19 -8287 11101 -2814
01/19 -10004 12533 -2530
12/18 -12194 13707 -1513
12/18 -19955 17386 2570
12/18 -14019 11688 2331
12/18 -11692 11086 606
12/18 -12305 12155 150
11/18 -11844 10030 1814
11/18 -11120 9350 1771
11/18 -15585 14902 683
11/18 -10590 11017 -428
10/18 -10973 9275 1698
10/18 -14490 12172 2317
10/18 -14671 13178 1494
10/18 -24580 22551 2030
10/18 -28466 27385 1080
09/18 -27550 25030 2520
09/18 -21995 20625 1370
09/18 -19842 19303 539
09/18 -19468 18041 1427
08/18 -16630 15906 724
08/18 -15212 14087 1126
08/18 -15621 13113 2507
08/18 -16662 14888 1775
07/18 -14192 12684 1508
07/18 -12454 10689 1765
07/18 -12210 10164 2046
07/18 -9492 7955 1537
07/18 -8821 5849 2971
06/18 -8096 3601 4496
06/18 -9822 6682 3141
06/18 -12629 12038 590
06/18 -10220 8822 1398
05/18 -8942 6523 2419
05/18 -9580 7119 2461
05/18 -6903 5062 1841
05/18 -2481 1335 1147
05/18 -3083 1182 1902
04/18 -1727 -119 1846
04/18 -9054 8628 426
04/18 -9230 8717 513
04/18 -10846 9781 1064
03/18 -15273 13566 1707
03/18 -15375 13634 1742
03/18 -13972 11271 2701
03/18 -15160 12707 2453
02/18 -13820 11136 2685
02/18 -11219 9573 1646
02/18 -12636 10657 1980
02/18 -26382 22102 4279
01/18 -40544 33065 7479
01/18 -38545 31156 7390
01/18 -39608 34858 4750
01/18 -40175 33393 6783
01/18 -43967 37761 6206
12/17 -41028 36086 4942
12/17 -40320 34698 5622
12/17 -39914 36356 3559
12/17 -38710 36076 2634
11/17 -35252 32472 2780
11/17 -38881 35875 3006
11/17 -43382 40150 3232
11/17 -40893 38044 2849
10/17 -42888 40451 2437
10/17 -40460 40241 219
10/17 -40877 39884 993
10/17 -42303 40826 1476
10/17 -43427 42942 485
09/17 -47487 47860 -373
09/17 -43275 43369 -95
09/17 -40868 41450 -582
09/17 -39506 39486 21
08/17 -43447 43645 -199
08/17 -45956 46079 -123
08/17 -42957 43652 -696
08/17 -34699 36067 -1368
08/17 -31384 32997 -1613
07/17 -33088 34939 -1852
07/17 -32989 34019 -1029
07/17 -34154 34806 -652
07/17 -35811 36626 -815
06/17 -34050 33909 142
06/17 -29309 30644 -1335
06/17 -26097 26695 -599
06/17 -25077 24744 332
05/17 -22615 23003 -388
05/17 -22624 21969 656
05/17 -24393 22830 1564
05/17 -26938 24467 2470
05/17 -31476 29054 2423
04/17 -33520 32267 1253
04/17 -35493 33353 2141
04/17 -35267 33248 2019
04/17 -34899 33046 1853
03/17 -39408 36715 2692
03/17 -37016 34293 2722
03/17 -39324 36556 2768
03/17 -34248 32661 1587
02/17 -29439 29756 -317
02/17 -26613 25721 892
02/17 -27393 27405 -12
02/17 -28854 29051 -197
01/17 -27754 26261 1493
01/17 -32978 31757 1221
01/17 -32198 32058 141
01/17 -31276 30655 621
01/17 -36147 35062 1085
12/16 -30742 30168 574
12/16 -30777 30647 129
12/16 -26828 29224 -2396
12/16 -32234 34563 -2329
11/16 -32235 35260 -3025
11/16 -28261 31305 -3045
11/16 -25568 29945 -4376
11/16 -19835 21749 -1915
11/16 -20894 21109 -215
10/16 -24480 24305 175
10/16 -27716 27931 -215
10/16 -27462 26310 1151
10/16 -29035 29286 -250
09/16 -30354 30437 -83
09/16 -27275 27138 137
09/16 -28601 29276 -676
09/16 -37925 39211 -1286
08/16 -36728 38776 -2048
08/16 -36225 38124 -1899
08/16 -35991 37835 -1844
08/16 -36389 37407 -1018
08/16 -37637 38244 -608
07/16 -32728 33501 -773
07/16 -27666 31430 -3764
07/16 -22448 24750 -2301
07/16 -21130 22638 -1507
06/16 -21123 20088 1036
06/16 -22237 21592 645
06/16 -19774 20627 -853
06/16 -11846 12809 -963
05/16 -11620 13369 -1749
05/16 -11658 13676 -2019
05/16 -7871 9065 -1194
05/16 -12041 12226 -185
05/16 -8331 9533 -1202
04/16 -5072 6139 -1067
04/16 -5342 7401 -2059
04/16 -6525 8017 -1492
04/16 -7019 8557 -1538
03/16 -4000 6266 -2267
03/16 -29 3436 -3407
03/16 2182 414 -2595
03/16 866 1144 -2009
03/16 -953 2100 -1147
02/16 1392 1263 -2654
02/16 2268 -167 -2101
02/16 1678 -473 -1206
02/16 2010 16 -2026
01/16 455 597 -1052
01/16 -1731 1317 413
01/16 -5017 4348 668
01/16 -5134 4995 138
12/15 -10768 10260 508
12/15 -9530 8471 1059
12/15 -11893 11336 557
12/15 -7369 7740 -372
12/15 -7803 8604 -801
11/15 -7278 8878 -1601
11/15 -6688 6562 127
11/15 -8074 10524 -2450
11/15 -3744 5695 -1952
10/15 1541 1801 -3342
10/15 4187 107 -4294
10/15 2867 1777 -4644
10/15 3193 943 -4136
09/15 2019 157 -2176
09/15 5595 -2009 -3586
09/15 5832 -1543 -4289
09/15 4073 -1046 -3027
09/15 8760 -5791 -2969
08/15 7946 -7928 -18
08/15 7421 -5234 -2188
08/15 5641 -5419 -222
08/15 775 -1291 515
07/15 2431 -3054 623
07/15 -1683 1269 413
07/15 -3321 4520 -1199
07/15 -609 395 214
06/15 -780 -390 1170
06/15 -13373 12024 1348
06/15 -7645 5976 1669
06/15 -3006 -113 3119
06/15 -8241 6078 2162
05/15 -8704 7122 1583
05/15 -12992 11337 1656
05/15 -9861 7546 2315
05/15 -5890 3646 2244
04/15 -10175 8220 1955
04/15 -8872 6021 2852
04/15 -12220 8620 3599
04/15 -8120 4633 3487
03/15 -6110 3137 2974
03/15 -9042 6198 2843
03/15 -7004 5027 1977
03/15 -8392 8375 17
03/15 -12706 11892 814
02/15 -15436 10523 4914
02/15 -17083 12368 4714
02/15 -13207 8942 4266
02/15 -10186 4714 5472
01/15 -3886 -817 4703
01/15 -8815 4501 4315
01/15 -10315 7851 2464
01/15 -12092 9281 2811
12/14 -10979 7986 2992
12/14 -7841 4775 3065
12/14 -17503 13411 4092
12/14 -13856 12430 1427
12/14 -11227 13300 -2073
11/14 -9036 12288 -3252
11/14 -11304 14358 -3053
11/14 -9423 12711 -3288
11/14 -8890 11032 -2142
10/14 -2588 5634 -3046
10/14 981 1716 -2696
10/14 -6326 5834 492
10/14 -8141 8585 -445
09/14 -12742 13021 -279
09/14 -8090 7738 353
09/14 -9942 11685 -1743
09/14 -4764 5726 -962
09/14 -6389 6578 -189
08/14 -2530 2753 -223
08/14 86 -1263 1177
08/14 2121 -3737 1615
08/14 -2671 514 2157
07/14 -11621 10247 1373
07/14 -10345 9172 1174
07/14 -6338 5044 1294
07/14 -2589 2517 72
07/14 -8319 6057 2261
06/14 270 -755 485
06/14 -5776 3724 2052
06/14 -3706 4338 -632
06/14 -4132 3759 372
05/14 -4592 4631 -39
05/14 1616 -737 -879
05/14 -6112 8252 -2140
05/14 -962 1813 -852
04/14 -4259 4759 -500
04/14 -1860 1131 728
04/14 438 -388 -50
04/14 -141 -940 1082
04/14 -5719 5095 625
03/14 -5668 4330 1338
03/14 -12316 11360 956
03/14 -6765 4563 2202
03/14 -9042 7254 1787
02/14 -6872 3817 3055
02/14 -1415 -623 2038
02/14 -541 -1575 2117
02/14 -8490 4488 4002
01/14 -6038 4844 1194
01/14 -10225 9291 933
01/14 -12578 11884 694
01/14 -9315 9601 -286
12/13 -5389 4583 805
12/13 -5421 4557 864
12/13 -13328 12008 1320
12/13 -16696 16309 386
12/13 -17704 18233 -528
11/13 -11681 13509 -1828
11/13 -10891 12113 -1222
11/13 -13765 14387 -622
11/13 -15371 14508 863
10/13 -11602 9999 1603
10/13 -12041 9142 2900
10/13 -9232 5875 3357
10/13 -13881 9679 4202
10/13 -20570 16756 3814
09/13 -28549 24799 3750
09/13 -16885 16826 59
09/13 -11390 9609 1781
09/13 -8323 9970 -1646
08/13 -12277 10798 1479
08/13 -18496 14989 3507
08/13 -25018 21480 3539
08/13 -19850 18550 1299
07/13 -21602 20637 966
07/13 -21531 19508 2023
07/13 -21571 19535 2036
07/13 -18821 17853 968
07/13 -18086 17060 1025
06/13 -15957 15135 823
06/13 -22532 23104 -572
06/13 -19397 20024 -627
06/13 -20524 21704 -1179
05/13 -17145 17650 -505
05/13 -15320 16088 -769
05/13 -16973 17805 -831
05/13 -18371 18817 -446
04/13 -19039 19162 -123
04/13 -21489 21423 66
04/13 -16780 17711 -931
04/13 -14686 15902 -1216
04/13 -15162 17333 -2172
03/13 -18145 17636 509
03/13 -18979 19023 -44
03/13 -13237 16008 -2771
03/13 -13241 12721 520
02/13 -17919 15432 2487
02/13 -16528 13714 2814
02/13 -16555 13478 3077
02/13 -18018 14354 3664
01/13 -13139 10797 2341
01/13 -13032 11673 1359
01/13 -12902 9965 2936
01/13 -12784 8872 3912
12/12 -12967 8865 4102
12/12 -14147 10101 4046
12/12 -16433 12897 3536
12/12 -6962 5232 1730
12/12 -7789 3709 4080
11/12 -690 -2578 3268
11/12 -1892 -1840 3731
11/12 -9218 3568 5650
11/12 -11545 8273 3271
10/12 -12118 7785 4333
10/12 -15013 10782 4231
10/12 -21767 19206 2561
10/12 -19191 16999 2192
10/12 -25308 21595 3714
09/12 -25037 21176 3861
09/12 -22249 19529 2721
09/12 -19419 15950 3468
09/12 -16243 12887 3356
08/12 -21043 16955 4088
08/12 -16551 13813 2739
08/12 -15225 12092 3133
08/12 -16031 13978 2054
07/12 -15037 12432 2604
07/12 -6540 3416 3124
07/12 -9875 6275 3599
07/12 -10571 7029 3542
07/12 -13607 10140 3466
06/12 -15599 12648 2950
06/12 -4320 2240 2080
06/12 -7148 5276 1872
06/12 -5854 3657 2197
05/12 -5757 3563 2194
05/12 -9104 7645 1460
05/12 -12604 9371 3233
05/12 -11267 8380 2886
05/12 -19190 16826 2363
04/12 -16655 13604 3052
04/12 -14729 13004 1726
04/12 -13056 9699 3357
04/12 -14882 12618 2265
03/12 -17414 14687 2726
03/12 -16878 14938 1941
03/12 -20738 17943 2795
03/12 -12645 11609 1035
02/12 -17087 15464 1624
02/12 -15901 14227 1674
02/12 -14821 12882 1939
02/12 -17099 14316 2783
01/12 -15386 12925 2460
01/12 -14097 11736 2361
01/12 -12623 9613 3010
01/12 -12726 9519 3207
01/12 -12386 9952 2434
12/11 -9675 8467 1209
12/11 -11746 10651 1095
12/11 -9743 9255 488
12/11 -8432 8422 10
11/11 -3105 3344 -238
11/11 -5048 3914 1134
11/11 -7445 5590 1856
11/11 -4114 2602 1512
11/11 -5590 5487 104
10/11 -3432 3964 -532
10/11 -5644 6108 -463
10/11 -3843 6009 -2166
10/11 -6835 6881 -46
09/11 -1268 2520 -1251
09/11 -3362 4720 -1358
09/11 -5515 5319 196
09/11 -5025 5883 -858
08/11 -1676 3193 -1518
08/11 -5930 6129 -199
08/11 -1763 2709 -946
08/11 -16185 14603 1581
08/11 -15873 13314 2560
07/11 -20341 16914 3426
07/11 -25939 22784 3155
07/11 -27060 22336 4724
07/11 -15904 13481 2423
06/11 -10404 8475 1929
06/11 -9200 7166 2034
06/11 -9267 7351 1916
06/11 -7215 4707 2508
05/11 -15826 13549 2277
05/11 -15762 12564 3198
05/11 -16715 13332 3382
05/11 -21991 20582 1409
05/11 -24412 23243 1169
04/11 -14584 16264 -1681
04/11 -15196 15899 -703
04/11 -21051 21711 -660
04/11 -20294 21742 -1448
03/11 -23309 19914 3396
03/11 -10211 11468 -1256
03/11 -7505 9055 -1549
03/11 -12594 11572 1022
03/11 -12071 9583 2488
02/11 -11456 10838 619
02/11 -13764 12921 843
02/11 -10556 10138 418
02/11 -18525 17199 1326
01/11 -14063 12128 1936
01/11 -13377 11111 2266
01/11 -14789 11950 2840
01/11 -12388 10002 2386
12/10 -9456 7202 2254
12/10 -9865 6977 2888
12/10 -11201 10095 1106
12/10 -15626 14290 1337
11/10 -10917 10181 737
11/10 -12293 10651 1643
11/10 -13351 11648 1703
11/10 -17557 15859 1697
11/10 -17797 15821 1975
10/10 -18754 16207 2547
10/10 -14031 12585 1446
10/10 -14166 12579 1588
10/10 -19334 17495 1839
09/10 -13825 13979 -154
09/10 -5795 6441 -647
09/10 -6793 5078 1714
09/10 -1460 2236 -775
08/10 -5208 3853 1355
08/10 -7195 5255 1941
08/10 -11391 9222 2170
08/10 -6278 5695 583
08/10 -6708 6152 556
07/10 -708 2556 -1849
07/10 853 1782 -2635
07/10 3591 -1437 -2153
07/10 -1903 1852 51
06/10 -4344 4199 145
06/10 -428 1712 -1285
06/10 1473 748 -2220
02/19 -4177 6047 -1869
02/19 -1467 3402 -1934
01/19 -4277 6891 -2615
01/19 -6757 9382 -2626
01/19 -8287 11101 -2814
01/19 -10004 12533 -2530
02/19 -4177 6047 -1869
02/19 -1467 3402 -1934
01/19 -4277 6891 -2615
01/19 -6757 9382 -2626
01/19 -8287 11101 -2814
01/19 -10004 12533 -2530
02/19 -4177 6047 -1869
02/19 -1467 3402 -1934
01/19 -4277 6891 -2615
01/19 -6757 9382 -2626
01/19 -8287 11101 -2814
01/19 -10004 12533 -2530
02/19 -4177 6047 -1869
02/19 -1467 3402 -1934
01/19 -4277 6891 -2615
01/19 -6757 9382 -2626
01/19 -8287 11101 -2814
01/19 -10004 12533 -2530
02/19 -4177 6047 -1869
02/19 -1467 3402 -1934
01/19 -4277 6891 -2615
01/19 -6757 9382 -2626
01/19 -8287 11101 -2814
01/19 -10004 12533 -2530
