02/19 19299 -51964 32665
01/19 15193 -46474 31281
01/19 6135 -41006 34871
01/19 520 -32661 32141
01/19 7525 -40533 33008
12/18 17978 -46648 28670
12/18 23943 -58455 34512
12/18 28129 -53124 24995
12/18 28749 -56287 27538
12/18 31934 -60776 28842
11/18 24843 -55071 30228
11/18 23591 -47229 23638
11/18 24388 -37019 12631
11/18 21552 -46843 25291
10/18 14605 -32662 18057
10/18 11845 -30304 18459
10/18 11913 -29344 17431
10/18 -5438 -16142 21580
10/18 -9500 -7101 16601
09/18 -36730 3696 33034
09/18 -22988 1666 21322
09/18 -33411 11170 22241
09/18 -29759 7963 21796
08/18 -13574 -7219 20793
08/18 -3751 -4841 8592
08/18 -10307 -1789 12096
08/18 -26094 10565 15529
07/18 -46594 22825 23769
07/18 -45073 29640 15433
07/18 -29396 21407 7989
07/18 -29780 24357 5423
07/18 -47939 36747 11192
06/18 -41840 33904 7936
06/18 -42903 36118 6785
06/18 -97526 88225 9301
06/18 -94602 89236 5366
05/18 -111033 93037 17996
05/18 -123722 109744 13978
05/18 -128943 115114 13829
05/18 -141169 120505 20664
05/18 -142100 120568 21532
04/18 -156740 130594 26146
04/18 -181453 151476 29977
04/18 -180623 147463 33160
04/18 -161267 134381 26886
03/18 -173436 141064 32372
03/18 -168540 132739 35801
03/18 -178063 146380 31683
03/18 -173830 132972 40858
02/18 -176455 137977 38478
02/18 -168568 126126 42442
02/18 -175983 127289 48694
02/18 -179436 140823 38613
01/18 -191187 148742 42445
01/18 -192790 144717 48073
01/18 -181847 139490 42357
01/18 -183661 144691 38970
01/18 -165932 127868 38064
12/17 -131412 92148 39264
12/17 -119761 86224 33537
12/17 -135530 113889 21641
12/17 -124534 93106 31428
11/17 -121841 89681 32160
11/17 -117075 95437 21638
11/17 -102185 84586 17599
11/17 -98828 85455 13373
10/17 -83132 72097 11035
10/17 -105598 83504 22094
10/17 -111090 90452 20638
10/17 -116444 98079 18365
10/17 -109308 90833 18475
09/17 -108616 88167 20449
09/17 -87338 62753 24585
09/17 -116185 86058 30127
09/17 -120668 96309 24359
08/17 -113760 86519 27241
08/17 -114526 87976 26550
08/17 -104369 79267 25102
08/17 -121790 93685 28105
08/17 -108561 82637 25924
07/17 -115535 90842 24693
07/17 -118452 91321 27131
07/17 -108005 83788 24217
07/17 -100041 77464 22577
06/17 -75505 58695 16810
06/17 -60155 44852 15303
06/17 -89928 79053 10875
06/17 -91005 74009 16996
05/17 -93640 72869 20771
05/17 -81570 64845 16725
05/17 -49951 37604 12347
05/17 -33199 22399 10800
05/17 828 -1653 825
04/17 13789 -20895 7106
04/17 20348 -21649 1301
04/17 16076 -18956 2880
04/17 7097 -11405 4308
03/17 5932 -7923 1991
03/17 16094 -19662 3568
03/17 37613 -41027 3414
03/17 66771 -59501 -7270
02/17 58524 -51164 -7360
02/17 64249 -58251 -5998
02/17 57439 -46764 -10675
02/17 48855 -44951 -3904
01/17 53278 -45713 -7565
01/17 60267 -52348 -7919
01/17 74577 -66500 -8077
01/17 72830 -65823 -7007
01/17 73705 -70056 -3649
12/16 78956 -69408 -9548
12/16 88899 -78045 -10854
12/16 99301 -87513 -11788
12/16 126616 -114556 -12060
11/16 128794 -119240 -9554
11/16 132070 -119348 -12722
11/16 130972 -119182 -11790
11/16 144581 -129314 -15267
11/16 156389 -137385 -19004
10/16 138083 -123856 -14227
10/16 125407 -109268 -16139
10/16 110748 -93472 -17276
10/16 97344 -82059 -15285
09/16 87842 -76030 -11812
09/16 99943 -85025 -14918
09/16 103223 -81475 -21748
09/16 113340 -92630 -20710
08/16 100808 -81925 -18883
08/16 91174 -76658 -14516
08/16 108405 -92508 -15897
08/16 119514 -98399 -21115
08/16 119326 -104103 -15223
07/16 135735 -112600 -23135
07/16 124255 -99891 -24364
07/16 108149 -87660 -20489
07/16 93750 -75327 -18423
06/16 76653 -61934 -14719
06/16 73398 -61346 -12052
06/16 70705 -56489 -14216
06/16 79538 -67112 -12426
05/16 50714 -37654 -13060
05/16 48501 -37895 -10606
05/16 34116 -22587 -11529
05/16 29484 -21872 -7612
05/16 27558 -23619 -3939
04/16 44726 -39667 -5059
04/16 51940 -46917 -5023
04/16 55803 -52051 -3752
04/16 59737 -53487 -6250
03/16 67351 -63811 -3540
03/16 73024 -66053 -6971
03/16 87813 -77555 -10258
03/16 89999 -71907 -18092
03/16 86498 -68541 -17957
02/16 53527 -46857 -6670
02/16 53764 -48205 -5559
02/16 74024 -63314 -10710
02/16 111997 -87073 -24924
01/16 142818 -127215 -15603
01/16 147467 -137015 -10452
01/16 161751 -146451 -15300
01/16 179372 -160643 -18729
12/15 180422 -160550 -19872
12/15 182071 -161047 -21024
12/15 185311 -159961 -25350
12/15 197108 -172331 -24777
12/15 224522 -182845 -41677
11/15 215922 -175484 -40438
11/15 204152 -164177 -39975
11/15 184555 -142939 -41616
11/15 168944 -134334 -34610
10/15 134450 -105934 -28516
10/15 79329 -62566 -16763
10/15 97015 -80576 -16439
10/15 108507 -88810 -19697
09/15 112066 -87660 -24406
09/15 102114 -81033 -21081
09/15 102410 -84202 -18208
09/15 108445 -81241 -27204
09/15 88343 -67857 -20486
08/15 91151 -66078 -25073
08/15 122326 -92732 -29594
08/15 152323 -115210 -37113
08/15 152023 -113394 -38629
07/15 140919 -104008 -36911
07/15 153115 -112976 -40139
07/15 143924 -107781 -36143
07/15 141478 -99266 -42212
06/15 134756 -100035 -34721
06/15 131909 -99306 -32603
06/15 122971 -89357 -33614
06/15 176715 -137974 -38741
06/15 207136 -165512 -41624
05/15 208443 -171740 -36703
05/15 208434 -168339 -40095
05/15 217168 -178976 -38192
05/15 227911 -190127 -37784
04/15 240692 -197766 -42926
04/15 258225 -214645 -43580
04/15 257300 -212347 -44953
04/15 260005 -215258 -44747
03/15 274469 -226560 -47909
03/15 271855 -220963 -50892
03/15 247689 -193774 -53915
03/15 233480 -181073 -52407
03/15 224647 -172389 -52258
02/15 226961 -177736 -49225
02/15 237642 -185582 -52060
02/15 245451 -194641 -50810
02/15 252964 -196309 -56655
01/15 244263 -184745 -59518
01/15 236197 -180730 -55467
01/15 225225 -167851 -57374
01/15 216595 -161040 -55555
12/14 201724 -152219 -49505
12/14 196248 -146604 -49644
12/14 173468 -126655 -46813
12/14 192353 -136912 -55441
12/14 214886 -159279 -55607
11/14 222035 -165080 -56955
11/14 224064 -168730 -55334
11/14 222948 -163893 -59055
11/14 237293 -179021 -58272
10/14 212385 -165707 -46678
10/14 208041 -159371 -48670
10/14 204766 -155342 -49424
10/14 199314 -146212 -53102
09/14 187221 -137525 -49696
09/14 190836 -141965 -48871
09/14 189246 -137149 -52097
09/14 208907 -157505 -51402
09/14 208964 -161423 -47541
08/14 196098 -150657 -45441
08/14 189646 -138825 -50821
08/14 175354 -126017 -49337
08/14 179044 -128747 -50297
07/14 155583 -108075 -47508
07/14 130995 -88823 -42172
07/14 103409 -62846 -40563
07/14 96910 -59265 -37645
07/14 91369 -60776 -30593
06/14 90665 -57503 -33162
06/14 92521 -61835 -30686
06/14 87978 -57185 -30793
06/14 60850 -33025 -27825
05/14 41401 -16633 -24768
05/14 31315 -9220 -22095
05/14 19871 -2175 -17696
05/14 -15616 32551 -16935
04/14 -5447 25734 -20287
04/14 -6411 25774 -19363
04/14 -9391 27688 -18297
04/14 -5353 23300 -17947
04/14 -14461 33238 -18777
03/14 -23033 39634 -16601
03/14 -38443 52991 -14548
03/14 -22132 36385 -14253
03/14 -10747 23452 -12705
02/14 288 13900 -14188
02/14 6587 8599 -15186
02/14 25351 -6929 -18422
02/14 40955 -13610 -27345
01/14 8476 14347 -22823
01/14 35061 -3772 -31289
01/14 8992 9246 -18238
01/14 6279 14498 -20777
12/13 -20429 30589 -10160
12/13 -19709 32172 -12463
12/13 -14453 27923 -13470
12/13 2701 15930 -18631
12/13 10569 9312 -19881
11/13 20998 -431 -20567
11/13 9890 8911 -18801
11/13 4005 16826 -20831
11/13 -31653 33143 -1490
10/13 -68878 70617 -1739
10/13 -70600 72434 -1834
10/13 -54358 60374 -6016
10/13 -65673 68683 -3010
10/13 -66863 68276 -1413
09/13 -66156 65844 312
09/13 -20466 31907 -11441
09/13 -456 12696 -12240
09/13 -8641 22738 -14097
08/13 -35868 40081 -4213
08/13 -31181 36746 -5565
08/13 -1924 16057 -14133
08/13 4302 6061 -10363
07/13 23455 -8504 -14951
07/13 40832 -27900 -12932
07/13 60801 -37165 -23636
07/13 62619 -40900 -21719
07/13 27041 -16090 -10951
06/13 -16150 17357 -1207
06/13 -15846 20030 -4184
06/13 21908 -7533 -14375
06/13 70554 -51621 -18933
05/13 110578 -84644 -25934
05/13 108146 -80949 -27197
05/13 66846 -46921 -19925
05/13 46116 -33533 -12583
04/13 36171 -30149 -6022
04/13 49633 -34275 -15358
04/13 44514 -29764 -14750
04/13 69206 -50858 -18348
04/13 84219 -65701 -18518
03/13 62483 -49095 -13388
03/13 58162 -44884 -13278
03/13 35920 -24787 -11133
03/13 38616 -26116 -12500
02/13 8031 -9394 1363
02/13 -26298 19103 7195
02/13 -33229 24181 9048
02/13 -42710 37952 4758
01/13 -35443 27472 7971
01/13 -27648 21381 6267
01/13 -15065 7315 7750
01/13 9472 -8035 -1437
12/12 -10590 5126 5464
12/12 -4070 -2549 6619
12/12 7751 -9736 1985
12/12 34598 -31623 -2975
12/12 39684 -32795 -6889
11/12 79532 -66693 -12839
11/12 109965 -91400 -18565
11/12 101996 -83646 -18350
11/12 88327 -67141 -21186
10/12 75146 -58204 -16942
10/12 69565 -55219 -14346
10/12 67456 -53495 -13961
10/12 82398 -72570 -9828
10/12 59630 -50265 -9365
09/12 59724 -50238 -9486
09/12 87065 -73482 -13583
09/12 113083 -93658 -19425
09/12 124788 -102306 -22482
08/12 127633 -101561 -26072
08/12 147443 -123932 -23511
08/12 167885 -137810 -30075
08/12 163894 -131711 -32183
07/12 172712 -138994 -33718
07/12 191780 -155066 -36714
07/12 203206 -167249 -35957
07/12 202464 -165705 -36759
07/12 181371 -146177 -35194
06/12 197420 -159880 -37540
06/12 176229 -141066 -35163
06/12 234432 -195187 -39245
06/12 259084 -214418 -44666
05/12 246898 -203415 -43483
05/12 238697 -195361 -43336
05/12 219833 -173869 -45964
05/12 182886 -143984 -38902
05/12 142996 -106990 -36006
04/12 149278 -113367 -35911
04/12 155823 -118125 -37698
04/12 138049 -101364 -36685
04/12 104503 -79480 -25023
03/12 112551 -89129 -23422
03/12 112555 -82954 -29601
03/12 128764 -99336 -29428
03/12 142288 -116473 -25815
02/12 131456 -109674 -21782
02/12 169534 -142159 -27375
02/12 175133 -148641 -26492
02/12 165164 -140593 -24571
01/12 183925 -157546 -26379
01/12 197616 -171347 -26269
01/12 187185 -160030 -27155
01/12 181662 -155195 -26467
01/12 166069 -138909 -27160
12/11 156627 -127879 -28748
12/11 143119 -113697 -29422
12/11 143926 -116457 -27469
12/11 123743 -95814 -27929
11/11 137842 -104302 -33540
11/11 118334 -85068 -33266
11/11 108471 -76147 -32324
11/11 79372 -54257 -25115
11/11 80945 -60060 -20885
10/11 104642 -76512 -28130
10/11 107733 -77720 -30013
10/11 100555 -73795 -26760
10/11 109202 -82697 -26505
09/11 107680 -82473 -25207
09/11 102941 -79460 -23481
09/11 79017 -54459 -24558
09/11 45744 -36443 -9301
08/11 -3154 -384 3538
08/11 -6090 2539 3551
08/11 -7908 6726 1182
08/11 4967 -8273 3306
08/11 -6099 1763 4336
07/11 -25744 17038 8706
07/11 -6486 9246 -2760
07/11 -15702 12416 3286
07/11 -56631 43194 13437
06/11 -43346 32987 10359
06/11 -40691 29771 10920
06/11 -64549 49894 14655
06/11 -59176 51836 7340
05/11 -28289 21970 6319
05/11 -22818 19129 3689
05/11 -51803 41645 10158
05/11 -79732 61447 18285
05/11 -124855 99516 25339
04/11 -89333 68279 21054
04/11 -80728 62195 18533
04/11 -82714 64985 17729
04/11 -76545 59857 16688
03/11 -72315 56630 15685
03/11 -59995 48353 11642
03/11 -63634 46316 17318
03/11 -74393 62294 12099
03/11 -63130 51308 11822
02/11 -53834 45598 8236
02/11 -42313 32464 9849
02/11 -47883 34734 13149
02/11 -46401 39934 6467
01/11 -28088 22901 5187
01/11 -5214 4109 1105
01/11 50392 -45182 -5210
01/11 24855 -24201 -654
12/10 27527 -26479 -1048
12/10 13833 -14093 260
12/10 12708 -10304 -2404
12/10 22481 -15290 -7191
11/10 1998 -7248 5250
11/10 -956 -8293 9249
11/10 -17555 8606 8949
11/10 -37795 23283 14512
11/10 -50623 38610 12013
10/10 -51216 40505 10711
10/10 -62835 46748 16087
10/10 -49059 41511 7548
10/10 -55989 48243 7746
09/10 -42440 35330 7110
09/10 -7025 5097 1928
09/10 9670 -9644 -26
09/10 29587 -23699 -5888
08/10 31430 -25569 -5861
08/10 24529 -21603 -2926
08/10 13142 -14627 1485
08/10 4919 -3731 -1188
08/10 11027 -7297 -3730
07/10 29259 -21339 -7920
07/10 33054 -24251 -8803
07/10 34894 -27050 -7844
07/10 42461 -38909 -3552
06/10 83486 -73670 -9816
06/10 81220 -70974 -10246
06/10 74991 -62360 -12631
06/10 111386 -111945 559
06/10 97088 -93325 -3763
05/10 117253 -106736 -10517
05/10 119154 -107143 -12011
05/10 124494 -113890 -10604
05/10 112913 -103402 -9511
04/10 97346 -89013 -8333
04/10 76148 -71424 -4724
04/10 65883 -55464 -10419
04/10 77030 -67223 -9807
03/10 97793 -85326 -12467
03/10 81976 -74917 -7059
03/10 49404 -46341 -3063
03/10 80625 -74551 -6074
03/10 69238 -66770 -2468
02/10 78246 -71623 -6623
02/10 63506 -59422 -4084
02/10 63368 -57152 -6216
02/10 46547 -43741 -2806
01/10 41348 -39539 -1809
01/10 20721 -25282 4561
01/10 11735 -17917 6182
01/10 29551 -35788 6237
12/09 25550 -33797 8247
12/09 -1546 -14327 15873
12/09 -1059 -16448 17507
12/09 -16298 -511 16809
12/09 -45274 22151 23123
11/09 -36580 18467 18113
11/09 -31252 11956 19296
11/09 -44121 25173 18948
11/09 -41703 22191 19512
10/09 -56712 32869 23843
10/09 -56403 36033 20370
10/09 -66047 43367 22680
10/09 -75540 51045 24495
09/09 -62124 39766 22358
09/09 -60578 38000 22578
09/09 -63539 37772 25767
09/09 -40707 18033 22674
09/09 -25219 9017 16202
08/09 -38425 18171 20254
08/09 -21398 5732 15666
08/09 -35775 16811 18964
08/09 -49470 27106 22364
07/09 -38650 20287 18363
07/09 -54980 34772 20208
07/09 -29698 13899 15799
07/09 -25947 10312 15635
06/09 -25358 17219 8139
06/09 -26943 17423 9520
06/09 -24234 12485 11749
06/09 -32620 15024 17596
06/09 -22004 6793 15211
05/09 -31167 15584 15583
05/09 -22512 12250 10262
05/09 -19862 10415 9447
05/09 -8223 3368 4855
04/09 1694 -2073 379
04/09 -4535 1597 2938
04/09 -16866 5575 11291
04/09 -18158 3872 14286
03/09 -13764 2265 11499
03/09 -6325 -5458 11783
03/09 2191 -9039 6848
03/09 5325 -10232 4907
03/09 19432 -19431 -1
02/09 7517 -10081 2564
02/09 15078 -15437 359
02/09 6558 -9994 3436
02/09 3446 -9052 5606
01/09 3999 -7489 3490
01/09 5058 -7580 2522
01/09 27 -9348 9321
01/09 -11494 -2375 13869
12/08 -7081 -3204 10285
12/08 -6827 -3645 10472
12/08 -2688 -6626 9314
12/08 7754 -16668 8914
12/08 19113 -20197 1084
11/08 19710 -21478 1768
11/08 23652 -17358 -6294
11/08 29759 -20621 -9138
11/08 26155 -21433 -4722
10/08 32688 -29052 -3636
10/08 33326 -30620 -2706
10/08 36329 -30100 -6229
10/08 21601 -18662 -2939
09/08 32969 -28932 -4037
09/08 30646 -31057 411
09/08 44526 -40654 -3872
09/08 36117 -36432 315
09/08 43494 -38623 -4871
08/08 37380 -33778 -3602
08/08 21497 -20364 -1133
08/08 19109 -19427 318
08/08 14143 -9447 -4696
07/08 19138 -16218 -2920
07/08 -5874 4071 1803
07/08 -32753 23049 9704
07/08 -25751 24007 1744
07/08 -33437 27683 5754
06/08 -10485 1432 9053
06/08 4187 -9290 5103
06/08 13683 -7540 -6143
06/08 23473 -14454 -9019
05/08 -1920 -3390 5310
05/08 -9872 6841 3031
05/08 8153 -9499 1346
05/08 9407 -12512 3105
04/08 24505 -21315 -3190
04/08 -22112 18907 3205
04/08 -23001 20093 2908
04/08 -30616 29435 1181
04/08 -32468 29072 3396
03/08 -46345 42771 3574
03/08 -31006 26521 4485
03/08 -33014 29099 3915
03/08 -41312 32010 9302
02/08 -39861 31778 8083
02/08 -19001 14730 4271
02/08 -15337 10295 5042
02/08 -22866 12564 10302
01/08 -34124 22456 11668
01/08 -35865 23745 12120
01/08 -59921 44982 14939
01/08 -67538 51902 15636
12/07 -44511 36655 7856
12/07 -42616 30641 11975
12/07 -44815 31149 13666
12/07 -75761 63374 12387
12/07 -82191 69117 13074
11/07 -79646 66556 13090
11/07 -84232 70028 14204
11/07 -85823 69429 16394
11/07 -96617 76048 20569
10/07 -87098 68848 18250
10/07 -84647 69016 15631
10/07 -108449 86604 21845
10/07 -109675 87166 22509
10/07 -113562 94440 19122
09/07 -101679 83448 18231
09/07 -111468 86049 25419
09/07 -80592 58214 22378
09/07 -64613 46645 17968
08/07 -54556 42826 11730
08/07 -58839 38463 20376
08/07 -86413 64674 21739
08/07 -107244 79029 28215
07/07 -105228 78453 26775
07/07 -130358 96415 33943
07/07 -132565 99185 33380
07/07 -130393 102896 27497
07/07 -107321 76524 30797
06/07 -86696 67433 19263
06/07 -65601 46341 19260
06/07 -69204 50638 18566
06/07 -103460 84965 18495
05/07 -115711 94319 21392
05/07 -109877 95287 14590
05/07 -141542 119538 22004
05/07 -130025 105270 24755
05/07 -135187 106688 28499
04/07 -139381 111282 28099
04/07 -135954 106770 29184
04/07 -130172 104394 25778
04/07 -125013 95078 29935
03/07 -118794 93741 25053
03/07 -116731 87956 28775
03/07 -123393 96155 27238
03/07 -115836 88679 27157
02/07 -131620 102598 29022
02/07 -123536 99326 24210
02/07 -106122 83795 22327
02/07 -65632 45330 20302
01/07 -78302 62579 15723
01/07 -80589 61010 19579
01/07 -77184 53542 23642
01/07 -104339 75172 29167
01/07 -109570 77456 32114
12/06 -115965 79970 35995
12/06 -124999 91970 33029
12/06 -129244 96683 32561
12/06 -128314 98265 30049
11/06 -108836 89594 19242
11/06 -90115 65306 24809
11/06 -84266 60475 23791
11/06 -94122 68925 25197
10/06 -78279 60048 18231
10/06 -31893 27151 4742
10/06 -34922 26592 8330
10/06 -49824 36528 13296
10/06 -71868 56217 15651
09/06 -69584 49942 19642
09/06 -64512 51114 13398
09/06 -84604 66717 17887
09/06 -104103 75016 29087
08/06 -104466 79637 24829
08/06 -111856 81470 30386
08/06 -117729 90204 27525
08/06 -121815 92108 29707
08/06 -97863 73429 24434
07/06 -69815 50301 19514
07/06 -71930 51694 20236
07/06 -108781 77895 30886
07/06 -92663 68545 24118
06/06 -88446 64670 23776
06/06 -76569 52490 24079
06/06 -88030 61846 26184
06/06 -114226 88196 26030
05/06 -99886 79884 20002
05/06 -95985 72076 23909
05/06 -97845 73376 24469
05/06 -99413 72911 26502
05/06 -98998 74474 24524
04/06 -92283 65525 26758
04/06 -79964 55342 24622
04/06 -64058 41630 22428
04/06 -69401 52392 17009
03/06 -57902 40811 17091
03/06 -54712 41452 13260
03/06 -34042 27984 6058
03/06 -22695 13878 8817
02/06 -25649 18402 7247
02/06 -16737 10085 6652
02/06 -19446 11956 7490
02/06 -30673 18965 11708
01/06 -52990 36382 16608
01/06 -55850 37464 18386
01/06 -33518 21211 12307
01/06 -28204 21961 6243
01/06 -11689 11231 458
12/05 -6095 4578 1517
12/05 -7994 4504 3490
12/05 3321 -1063 -2258
12/05 23395 -22572 -823
11/05 17901 -18132 231
11/05 16910 -11127 -5783
11/05 20672 -13222 -7450
11/05 12433 -6627 -5806
11/05 -1621 6998 -5377
10/05 7371 -2558 -4813
10/05 4757 855 -5612
10/05 2639 4792 -7431
10/05 12582 -1898 -10684
09/05 7688 -1603 -6085
09/05 5485 -1428 -4057
09/05 -12936 7585 5351
09/05 -29311 23518 5793
08/05 2661 -3619 958
08/05 4786 -5766 980
08/05 -3966 584 3382
08/05 -4118 4231 -113
08/05 -1818 -191 2009
07/05 7107 -8296 1189
07/05 14686 -11870 -2816
07/05 13802 -7848 -5954
07/05 27394 -24872 -2522
06/05 16279 -14241 -2038
06/05 24902 -21282 -3620
06/05 22809 -19665 -3144
06/05 19936 -17771 -2165
05/05 19694 -18310 -1384
05/05 23798 -15321 -8477
05/05 18099 -13488 -4611
05/05 2338 -1544 -794
05/05 -7052 4875 2177
04/05 -6177 4219 1958
04/05 -10732 5021 5711
04/05 -10554 5760 4794
04/05 -7382 6898 484
03/05 -24509 17753 6756
03/05 -36310 27199 9111
03/05 -41648 29912 11736
03/05 -38048 22590 15458
03/05 -48220 33418 14802
02/05 -8967 4024 4943
02/05 -3147 -245 3392
02/05 -7152 -631 7783
02/05 -6425 1925 4500
01/05 -5398 768 4630
01/05 -17887 9913 7974
01/05 -29961 16181 13780
01/05 -26163 11071 15092
12/04 -23374 16814 6560
12/04 1962 -12164 10202
12/04 4783 -14542 9759
12/04 -52553 24114 28439
11/04 -58005 24485 33520
11/04 -66821 32261 34560
11/04 -75292 54028 21264
11/04 -82309 57529 24780
11/04 -82061 53465 28596
10/04 -69957 45531 24426
10/04 -56904 36512 20392
10/04 -62697 38095 24602
10/04 -65992 44811 21181
09/04 -47204 32334 14870
09/04 -39241 25447 13794
09/04 -40466 25858 14608
09/04 -44507 18032 26475
08/04 -48798 20827 27971
08/04 -55057 24616 30441
08/04 -49329 25699 23630
08/04 -32130 16857 15273
08/04 -27819 12242 15577
07/04 -33784 16927 16857
07/04 -55950 36101 19849
07/04 -50400 31012 19388
07/04 -38226 19037 19189
06/04 -27532 13755 13777
06/04 -26757 12079 14678
06/04 -31850 16588 15262
06/04 -43889 23474 20415
06/04 -40846 22194 18652
05/04 -23815 18714 5101
05/04 -18892 13422 5470
05/04 -18920 12478 6442
05/04 -9741 6999 2742
04/04 -9493 5570 3923
04/04 -14332 9799 4533
04/04 -13315 5743 7572
04/04 -11809 6017 5792
03/04 -13263 6174 7089
03/04 -22293 10293 12000
03/04 -19926 8454 11472
03/04 -26254 14065 12189
03/04 -32458 17028 15430
02/04 -39744 26367 13377
02/04 -48060 28409 19651
02/04 -45368 26242 19126
02/04 -36721 20446 16275
01/04 -49884 33298 16586
01/04 -44349 28243 16106
01/04 -50505 26937 23568
01/04 -48822 29910 18912
12/03 -52275 33556 18719
12/03 -54299 33708 20591
12/03 -56104 34783 21321
12/03 -46268 27998 18270
12/03 -55222 30680 24542
11/03 -56103 30497 25606
11/03 -55924 34546 21378
11/03 -40153 17919 22234
11/03 -41009 19573 21436
10/03 -52498 24205 28293
10/03 -50340 24113 26227
10/03 -54005 24994 29011
10/03 -45281 20025 25256
09/03 -39847 13649 26198
09/03 -32246 8777 23469
09/03 -22460 4724 17736
09/03 -16611 2505 14106
09/03 -15944 2129 13815
08/03 -18713 2673 16040
08/03 -22438 9121 13317
08/03 -35603 14702 20901
08/03 -33761 13889 19872
07/03 -34353 12420 21933
07/03 -29212 13153 16059
07/03 -31467 16195 15272
07/03 -39344 19161 20183
07/03 -45951 23630 22321
06/03 -46603 23470 23133
06/03 -53677 28123 25554
06/03 -48955 26262 22693
06/03 -54151 30033 24118
05/03 -43296 24113 19183
05/03 -50241 26898 23343
05/03 -43720 24903 18817
05/03 -52242 31970 20272
04/03 -50641 28005 22636
04/03 -42880 24387 18493
04/03 -30193 14205 15988
04/03 -28791 13145 15646
04/03 -28073 10564 17509
03/03 -22336 7594 14742
03/03 -32659 13339 19320
03/03 -57249 30266 26983
03/03 -58719 29975 28744
02/03 -47913 20063 27850
02/03 -53664 25485 28179
02/03 -53993 22298 31695
02/03 -60622 30666 29956
01/03 -54796 26336 28460
01/03 -59268 28442 30826
01/03 -58980 28773 30207
01/03 -56670 28157 28513
12/02 -58129 29010 29119
12/02 -59542 28127 31415
12/02 -60618 30601 30017
12/02 -57715 28064 29651
12/02 -50444 22876 27568
11/02 -55231 28776 26455
11/02 -60241 30205 30036
11/02 -62888 33277 29611
11/02 -62593 31037 31556
10/02 -43989 19325 24664
10/02 -36095 14068 22027
10/02 -44425 21032 23393
10/02 -34732 12652 22080
10/02 -41482 16937 24545
09/02 -37645 14602 23043
09/02 -36047 12610 23437
09/02 -45579 20351 25228
09/02 -48759 25238 23521
08/02 -45530 22088 23442
08/02 -38034 17863 20171
08/02 -41272 19782 21490
08/02 -39602 20022 19580
07/02 -51322 25483 25839
07/02 -57067 25678 31389
07/02 -56445 26654 29791
07/02 -58651 24082 34569
07/02 -59337 24395 34942
06/02 -53354 22524 30830
06/02 -61916 29457 32459
06/02 -57533 28367 29166
06/02 -69655 31616 38039
05/02 -71302 31725 39577
05/02 -69678 31173 38505
05/02 -72901 34600 38301
05/02 -75077 35433 39644
04/02 -69624 31472 38152
04/02 -63050 29623 33427
04/02 -56365 27627 28738
04/02 -47752 19441 28311
04/02 -55304 26158 29146
03/02 -51243 23293 27950
03/02 -46264 21256 25008
03/02 -40471 15461 25010
03/02 -27210 6288 20922
02/02 -22389 3133 19256
02/02 -26918 8647 18271
02/02 -21446 3254 18192
02/02 -16718 2323 14395
01/02 -16565 855 15710
01/02 -39524 17289 22235
01/02 -35877 12096 23781
01/02 -43336 14773 28563
12/01 -25890 11182 14708
12/01 -35948 11422 24526
12/01 -42216 11871 30345
12/01 -26442 11906 14536
12/01 -31130 13846 17284
11/01 -10557 915 9642
11/01 -13217 -286 13503
11/01 -22137 484 21653
11/01 -38579 15352 23227
10/01 -44794 16686 28108
10/01 -31312 9390 21922
10/01 -49190 17616 31574
10/01 -60487 22441 38046
10/01 -60905 24952 35953
09/01 -62473 27848 34625
09/01 -58492 24437 34055
09/01 -43161 17849 25312
09/01 -49078 21821 27257
08/01 -59876 29505 30371
08/01 -57146 28970 28176
08/01 -51637 24353 27284
08/01 -41506 16640 24866
07/01 -39383 16083 23300
07/01 -37121 14291 22830
07/01 -24177 9043 15134
07/01 -16674 6651 10023
07/01 -11647 3246 8401
06/01 -14670 3175 11495
06/01 -11964 3633 8331
06/01 -1569 -4588 6157
06/01 -11942 -4813 16755
05/01 -18037 -2931 20968
05/01 -14201 -5453 19654
05/01 -25199 3408 21791
05/01 -31277 4354 26923
05/01 -36434 6044 30390
04/01 -37617 7303 30314
04/01 -30240 4993 25247
04/01 -22309 5745 16564
04/01 -23410 6775 16635
03/01 -20280 3884 16396
03/01 -24752 2613 22139
03/01 -35079 7827 27252
03/01 -45110 17064 28046
02/01 -36036 9513 26523
02/01 -36881 10002 26879
02/01 -42449 14702 27747
02/01 -45438 14335 31103
01/01 -45293 16160 29133
01/01 -44493 17242 27251
01/01 -52251 20735 31516
01/01 -53271 23832 29439
01/01 -56085 27074 29011
12/00 -55183 26380 28803
12/00 -52141 21814 30327
12/00 -46105 19532 26573
12/00 -39865 16028 23837
11/00 -26881 6941 19940
11/00 -21601 5908 15693
11/00 -19859 2735 17124
11/00 -20350 3778 16572
10/00 -18812 2173 16639
10/00 -18555 1833 16722
10/00 -18146 1720 16426
10/00 -23379 5403 17976
10/00 -19627 3393 16234
09/00 -15210 149 15061
09/00 -13180 -4237 17417
09/00 -20672 1174 19498
09/00 -16197 382 15815
08/00 -14372 1206 13166
02/19 37516 -63900 26384
02/19 19299 -51964 32665
01/19 15193 -46474 31281
01/19 6135 -41006 34871
01/19 520 -32661 32141
01/19 7525 -40533 33008
02/19 37516 -63900 26384
02/19 19299 -51964 32665
01/19 15193 -46474 31281
01/19 6135 -41006 34871
01/19 520 -32661 32141
01/19 7525 -40533 33008
02/19 37516 -63900 26384
02/19 19299 -51964 32665
01/19 15193 -46474 31281
01/19 6135 -41006 34871
01/19 520 -32661 32141
01/19 7525 -40533 33008
02/19 37516 -63900 26384
02/19 19299 -51964 32665
01/19 15193 -46474 31281
01/19 6135 -41006 34871
01/19 520 -32661 32141
01/19 7525 -40533 33008
02/19 37516 -63900 26384
02/19 19299 -51964 32665
01/19 15193 -46474 31281
01/19 6135 -41006 34871
01/19 520 -32661 32141
01/19 7525 -40533 33008
