02/19 7268 -995 -6273
01/19 6006 -295 -5711
01/19 5919 -999 -4920
01/19 5028 207 -5235
01/19 4842 271 -5113
12/18 3851 1975 -5826
12/18 4688 567 -5255
12/18 4693 212 -4905
12/18 5400 -2413 -2987
12/18 6510 -3282 -3228
11/18 6245 -2099 -4146
11/18 6652 -2671 -3981
11/18 6176 -2864 -3312
11/18 5840 -1799 -4041
10/18 4689 -345 -4344
10/18 5461 -79 -5382
10/18 5169 1366 -6535
10/18 5115 3636 -8751
10/18 5183 3049 -8232
09/18 5089 2919 -8008
09/18 5487 2727 -8214
09/18 5791 170 -5961
09/18 5891 -648 -5243
08/18 5708 142 -5850
08/18 6071 946 -7017
08/18 5979 659 -6638
08/18 5947 1079 -7026
07/18 5771 1184 -6955
07/18 6275 1214 -7489
07/18 6909 -773 -6136
07/18 5822 703 -6525
07/18 6442 -85 -6357
06/18 5222 518 -5740
06/18 5274 535 -5809
06/18 5395 144 -5539
06/18 4703 -34 -4669
05/18 5063 -1229 -3834
05/18 4346 -2097 -2249
05/18 3782 -1139 -2643
05/18 4188 -1084 -3104
05/18 4937 -1780 -3157
04/18 4068 -360 -3708
04/18 2841 413 -3254
04/18 2590 1581 -4171
04/18 2875 1907 -4782
03/18 2532 2959 -5491
03/18 2713 4075 -6788
03/18 1989 5728 -7717
03/18 1325 7722 -9047
02/18 50 9470 -9520
02/18 -919 11464 -10545
02/18 -1330 11478 -10148
02/18 -1752 12639 -10887
01/18 -1111 10828 -9717
01/18 -185 9615 -9430
01/18 -657 9181 -8524
01/18 -144 9200 -9056
01/18 -197 8859 -8662
12/17 -500 8475 -7975
12/17 -1597 9934 -8337
12/17 -2220 11567 -9347
12/17 -3071 13983 -10912
11/17 -4041 15033 -10992
11/17 -3927 14589 -10662
11/17 -4476 17037 -12561
11/17 -3987 16439 -12452
10/17 -3666 15648 -11982
10/17 -4859 17018 -12159
10/17 -4437 16720 -12283
10/17 -4610 16078 -11468
10/17 -4149 15112 -10963
09/17 -3663 14934 -11271
09/17 -3598 14472 -10874
09/17 -3281 13650 -10369
09/17 -2644 12968 -10324
08/17 -2397 12851 -10454
08/17 -2084 11999 -9915
08/17 -2402 12924 -10522
08/17 -2340 13955 -11615
08/17 -2194 14057 -11863
07/17 -3080 14916 -11836
07/17 -4394 16239 -11845
07/17 -3073 14596 -11523
07/17 -3881 15220 -11339
06/17 -4034 15589 -11555
06/17 -3298 14868 -11570
06/17 -2467 14350 -11883
06/17 -2602 14568 -11966
05/17 -3014 14025 -11011
05/17 -2639 14088 -11449
05/17 -2940 14301 -11361
05/17 -1942 14148 -12206
05/17 -2675 15409 -12734
04/17 -3443 16464 -13021
04/17 -3638 17134 -13496
04/17 -3051 16864 -13813
04/17 -3009 16884 -13875
03/17 -1723 15372 -13649
03/17 668 12325 -12993
03/17 1911 8552 -10463
03/17 3155 5841 -8996
02/17 2570 6755 -9325
02/17 1497 7376 -8873
02/17 1831 7198 -9029
02/17 -99 8910 -8811
01/17 -1268 10428 -9160
01/17 -1441 10981 -9540
01/17 -739 9746 -9007
01/17 862 7973 -8835
01/17 1548 7536 -9084
12/16 1868 6931 -8799
12/16 2020 6465 -8485
12/16 2365 5728 -8093
12/16 3378 3899 -7277
11/16 3143 3448 -6591
11/16 2739 3244 -5983
11/16 3003 1688 -4691
11/16 4032 -125 -3907
11/16 3246 676 -3922
10/16 3565 749 -4314
10/16 3055 529 -3584
10/16 3610 -42 -3568
10/16 3509 325 -3834
09/16 3469 -121 -3348
09/16 3070 1017 -4087
09/16 3169 1028 -4197
09/16 2571 1649 -4220
08/16 2876 2851 -5727
08/16 1498 5476 -6974
08/16 3357 4050 -7407
08/16 4015 3584 -7599
08/16 4483 1590 -6073
07/16 5351 531 -5882
07/16 5935 439 -6374
07/16 5923 485 -6408
07/16 5727 245 -5972
06/16 6001 -226 -5775
06/16 5650 -955 -4695
06/16 5515 -788 -4727
06/16 5725 -465 -5260
05/16 5130 -331 -4799
05/16 4804 -352 -4452
05/16 4031 821 -4852
05/16 4324 621 -4945
05/16 4597 262 -4859
04/16 3581 1227 -4808
04/16 5029 801 -5830
04/16 5382 873 -6255
04/16 4840 2565 -7405
03/16 4333 3387 -7720
03/16 3799 4758 -8557
03/16 4010 5114 -9124
03/16 5423 3938 -9361
03/16 4913 3813 -8726
02/16 5073 2688 -7761
02/16 4769 2667 -7436
02/16 4992 1748 -6740
02/16 4535 2947 -7482
01/16 4400 2995 -7395
01/16 4096 3720 -7816
01/16 3843 3662 -7505
01/16 4304 3108 -7412
12/15 4564 2206 -6770
12/15 4302 2141 -6443
12/15 2734 2257 -4991
12/15 3520 1817 -5337
12/15 4707 294 -5001
11/15 4661 42 -4703
11/15 5171 -181 -4990
11/15 5314 -630 -4684
11/15 4907 1173 -6080
10/15 4608 1230 -5838
10/15 5192 -465 -4727
10/15 5489 -877 -4612
10/15 4875 -938 -3937
09/15 5716 -919 -4797
09/15 5770 -243 -5527
09/15 5339 523 -5862
09/15 4918 1034 -5952
09/15 5134 972 -6106
08/15 2877 3081 -5958
08/15 -745 6344 -5599
08/15 -585 6158 -5573
08/15 -1118 6663 -5545
07/15 -1163 7032 -5869
07/15 -647 7310 -6663
07/15 -27 6578 -6551
07/15 -1023 7767 -6744
06/15 -587 8248 -7661
06/15 -986 8729 -7743
06/15 -860 7544 -6684
06/15 -1504 8118 -6614
06/15 -2224 8917 -6693
05/15 -1095 7985 -6890
05/15 -70 7144 -7074
05/15 925 5962 -6887
05/15 3178 4153 -7331
04/15 2916 4656 -7572
04/15 2960 5275 -8235
04/15 4013 4475 -8488
04/15 4284 3630 -7914
03/15 5131 2868 -7999
03/15 5918 1892 -7810
03/15 6074 2529 -8603
03/15 6105 1543 -7648
03/15 6007 1541 -7548
02/15 5685 1069 -6754
02/15 6379 224 -6603
02/15 6602 518 -7120
02/15 6320 1667 -7987
01/15 4811 3642 -8453
01/15 4578 3685 -8263
01/15 4651 3644 -8295
01/15 4008 2638 -6646
12/14 2570 3941 -6511
12/14 2117 4631 -6748
12/14 2891 4630 -7521
12/14 3508 4513 -8021
12/14 3000 4488 -7488
11/14 2758 4264 -7022
11/14 3601 4344 -7945
11/14 3101 4857 -7958
11/14 3787 4387 -8174
10/14 3592 5883 -9475
10/14 3972 5528 -9500
10/14 4110 4857 -8967
10/14 4670 4131 -8801
09/14 4593 4870 -9463
09/14 4377 5003 -9380
09/14 4689 4796 -9485
09/14 4595 5099 -9694
09/14 4214 4848 -9062
08/14 3023 5808 -8831
08/14 2794 6186 -8980
08/14 2331 6872 -9203
08/14 3087 6312 -9399
07/14 2790 6873 -9663
07/14 3250 6844 -10094
07/14 3393 6570 -9963
07/14 3757 6086 -9843
07/14 3487 7176 -10663
06/14 3282 7675 -10957
06/14 2898 9026 -11924
06/14 2395 10576 -12971
06/14 886 13045 -13931
05/14 1419 12512 -13931
05/14 785 13461 -14246
05/14 1969 12795 -14764
05/14 2460 12426 -14886
04/14 1742 12821 -14563
04/14 1872 12738 -14610
04/14 1341 14001 -15342
04/14 1380 13399 -14779
04/14 382 13440 -13822
03/14 462 13031 -13493
03/14 877 12094 -12971
03/14 1893 10764 -12657
03/14 1967 10510 -12477
02/14 1628 10764 -12392
02/14 1809 10212 -12021
02/14 2201 9236 -11437
02/14 1923 8959 -10882
01/14 2297 9139 -11436
01/14 1718 8805 -10523
01/14 1843 7942 -9785
01/14 1974 8512 -10486
12/13 1041 9459 -10500
12/13 1285 9043 -10328
12/13 1390 8805 -10195
12/13 1416 7400 -8816
12/13 1573 6765 -8338
11/13 1535 5738 -7273
11/13 1865 6343 -8208
11/13 1154 6629 -7783
11/13 1671 7509 -9180
10/13 425 9912 -10337
10/13 473 10882 -11355
10/13 838 10044 -10882
10/13 1618 8603 -10221
10/13 2099 6952 -9051
09/13 2537 5204 -7741
09/13 3181 3046 -6227
09/13 3182 2827 -6009
09/13 3562 2457 -6019
08/13 4227 1484 -5711
08/13 3682 2485 -6167
08/13 3363 1967 -5330
08/13 3753 2223 -5976
07/13 4019 1074 -5093
07/13 4625 220 -4845
07/13 5133 -782 -4351
07/13 5995 -2330 -3665
07/13 5943 -2740 -3203
06/13 7402 -6223 -1179
06/13 8368 -7167 -1201
06/13 8134 -6756 -1378
06/13 8205 -6531 -1674
05/13 8128 -6208 -1920
05/13 8921 -7615 -1306
05/13 9445 -7696 -1749
05/13 9154 -6215 -2939
04/13 8260 -4682 -3578
04/13 8405 -6389 -2016
04/13 7358 -3546 -3812
04/13 7893 -2693 -5200
04/13 7543 -3129 -4414
03/13 8832 -6224 -2608
03/13 8690 -5808 -2882
03/13 8706 -6831 -1875
03/13 7560 -5894 -1666
02/13 7331 -4965 -2366
02/13 6291 -2995 -3296
02/13 4262 -847 -3415
02/13 2829 759 -3588
01/13 4211 -1489 -2722
01/13 3683 -1433 -2250
01/13 4204 -195 -4009
01/13 3132 929 -4061
12/12 3347 1023 -4370
12/12 3308 1986 -5294
12/12 2945 2784 -5729
12/12 4196 765 -4961
12/12 6126 -2525 -3601
11/12 5295 -1828 -3467
11/12 5381 -2235 -3146
11/12 4809 -1583 -3226
11/12 4475 -599 -3876
10/12 3953 13 -3966
10/12 5004 -236 -4768
10/12 6555 -2314 -4241
10/12 6752 -2535 -4217
10/12 6360 -1813 -4547
09/12 7014 -2111 -4903
09/12 6977 -3011 -3966
09/12 7274 -2705 -4569
09/12 8059 -2748 -5311
08/12 8121 -3307 -4814
08/12 8194 -2565 -5629
08/12 7745 -1471 -6274
08/12 7735 -1373 -6362
07/12 8695 -902 -7793
07/12 9433 -1540 -7893
07/12 8642 -286 -8356
07/12 6311 1113 -7424
07/12 6315 740 -7055
06/12 4479 2213 -6692
06/12 2585 4724 -7309
06/12 2437 7115 -9552
06/12 2875 5633 -8508
05/12 2920 5601 -8521
05/12 3045 6091 -9136
05/12 3305 5721 -9026
05/12 4122 5829 -9951
05/12 4283 4700 -8983
04/12 4093 5666 -9759
04/12 2894 7240 -10134
04/12 1510 8249 -9759
04/12 -1051 11063 -10012
03/12 -1791 13823 -12032
03/12 -1300 13967 -12667
03/12 -1495 15181 -13686
03/12 -1809 17397 -15588
02/12 -2841 17134 -14293
02/12 -2456 16309 -13853
02/12 -1821 15117 -13296
02/12 -1889 14893 -13004
01/12 -1545 14195 -12650
01/12 -952 13431 -12479
01/12 -374 11864 -11490
01/12 482 10098 -10580
01/12 894 10183 -11077
12/11 1400 9465 -10865
12/11 1654 8344 -9998
12/11 1343 8353 -9696
12/11 1192 8463 -9655
11/11 826 9072 -9898
11/11 387 9587 -9974
11/11 441 9859 -10300
11/11 815 9538 -10353
11/11 597 9871 -10468
10/11 310 10538 -10848
10/11 -178 9751 -9573
10/11 769 8115 -8884
10/11 753 8202 -8955
09/11 2257 6281 -8538
09/11 1767 6225 -7992
09/11 2536 4486 -7022
09/11 2958 3290 -6248
08/11 3072 3289 -6361
08/11 2800 4708 -7508
08/11 2595 5274 -7869
08/11 2786 5197 -7983
08/11 2235 7605 -9840
07/11 2434 8060 -10494
07/11 2451 9323 -11774
07/11 2915 10200 -13115
07/11 3169 8944 -12113
06/11 4562 7316 -11878
06/11 5543 6152 -11695
06/11 4770 6562 -11332
06/11 4683 6388 -11071
05/11 4038 6937 -10975
05/11 2743 9359 -12102
05/11 2521 12037 -14558
05/11 2627 12181 -14808
05/11 1550 13776 -15326
04/11 617 14808 -15425
04/11 205 14572 -14777
04/11 392 15667 -16059
04/11 181 16056 -16237
03/11 -291 14880 -14589
03/11 225 13505 -13730
03/11 88 15462 -15550
03/11 1197 14676 -15873
03/11 1334 15075 -16409
02/11 1164 15017 -16181
02/11 877 14749 -15626
02/11 715 14133 -14848
02/11 -831 14755 -13924
01/11 -1290 15779 -14489
01/11 35 15210 -15245
01/11 356 15019 -15375
01/11 1322 13910 -15232
12/10 2534 12462 -14996
12/10 2347 11613 -13960
12/10 2171 10539 -12710
12/10 2382 10039 -12421
11/10 2647 8657 -11304
11/10 3933 5428 -9361
11/10 4969 3475 -8444
11/10 5726 1672 -7398
11/10 5431 1236 -6667
10/10 7100 175 -7275
10/10 7003 314 -7317
10/10 5746 1456 -7202
10/10 4461 4741 -9202
09/10 5131 4493 -9624
09/10 4678 5973 -10651
09/10 3316 6698 -10014
09/10 3015 7782 -10797
08/10 2411 8683 -11094
08/10 3405 7751 -11156
08/10 4365 5100 -9465
08/10 4701 5112 -9813
08/10 3764 7598 -11362
07/10 2844 8427 -11271
07/10 1716 8874 -10590
07/10 2339 8987 -11326
07/10 3177 7632 -10809
06/10 3342 7592 -10934
06/10 3470 6937 -10407
06/10 3395 7565 -10960
06/10 3001 7455 -10456
06/10 2216 8436 -10652
05/10 1458 10325 -11783
05/10 526 13410 -13936
05/10 -598 15322 -14724
05/10 -2081 17017 -14936
04/10 -2895 17685 -14790
04/10 -2528 16545 -14017
04/10 -2759 16246 -13487
04/10 -2265 15209 -12944
03/10 -2917 14735 -11818
03/10 -2871 14682 -11811
03/10 -2679 13870 -11191
03/10 -1438 12011 -10573
03/10 -1160 10367 -9207
02/10 -776 9444 -8668
02/10 236 8332 -8568
02/10 342 7600 -7942
02/10 973 7338 -8311
01/10 1178 6577 -7755
01/10 2335 4296 -6631
01/10 3400 3296 -6696
01/10 4481 1010 -5491
12/09 5512 -1201 -4311
12/09 5766 -2045 -3721
12/09 5426 -1982 -3444
12/09 4163 -1028 -3135
12/09 3509 -540 -2969
11/09 2484 -106 -2378
11/09 2219 226 -2445
11/09 2045 1459 -3504
11/09 2491 972 -3463
10/09 2409 524 -2933
10/09 3145 -716 -2429
10/09 3329 -1087 -2242
10/09 3385 -901 -2484
09/09 2448 167 -2615
09/09 2404 596 -3000
09/09 1778 1794 -3572
09/09 2241 294 -2535
09/09 2229 1401 -3630
08/09 1307 2640 -3947
08/09 647 3399 -4046
08/09 -923 5520 -4597
08/09 -2550 7316 -4766
07/09 -3350 7964 -4614
07/09 -3249 8427 -5178
07/09 -2545 7925 -5380
07/09 -3082 7510 -4428
06/09 -1093 5627 -4534
06/09 28 2916 -2944
06/09 1068 1851 -2919
06/09 485 2602 -3087
06/09 -1659 5686 -4027
05/09 -1346 5163 -3817
05/09 -466 3804 -3338
05/09 501 2574 -3075
05/09 1166 1648 -2814
04/09 1360 2024 -3384
04/09 1250 2546 -3796
04/09 2222 2193 -4415
04/09 3484 226 -3710
03/09 3180 -47 -3133
03/09 2744 933 -3677
03/09 3309 901 -4210
03/09 3408 1225 -4633
03/09 3827 1339 -5166
02/09 2686 2048 -4734
02/09 2075 2480 -4555
02/09 3635 1032 -4667
02/09 4903 -1129 -3774
01/09 4857 -896 -3961
01/09 4959 -1318 -3641
01/09 4521 -1187 -3334
01/09 3433 83 -3516
12/08 3832 255 -4087
12/08 4421 -379 -4042
12/08 5034 -1248 -3786
12/08 5139 -986 -4153
12/08 5064 -930 -4134
11/08 5069 -766 -4303
11/08 3867 156 -4023
11/08 3804 641 -4445
11/08 4122 303 -4425
10/08 5032 -1003 -4029
10/08 5679 -1654 -4025
10/08 6175 -2034 -4141
10/08 6425 -2251 -4174
09/08 6438 -2478 -3960
09/08 6413 -2302 -4111
09/08 5545 -753 -4792
09/08 3882 471 -4353
09/08 2437 1940 -4377
08/08 1812 4053 -5865
08/08 1110 5803 -6913
08/08 1048 6426 -7474
08/08 2143 6240 -8383
07/08 1610 5019 -6629
07/08 3256 3897 -7153
07/08 4755 1932 -6687
07/08 4437 1951 -6388
07/08 4728 2272 -7000
06/08 5025 2653 -7678
06/08 5343 2794 -8137
06/08 3741 4373 -8114
06/08 3424 4470 -7894
05/08 2869 5195 -8064
05/08 3655 4469 -8124
05/08 4946 2506 -7452
05/08 4194 3877 -8071
04/08 2672 6562 -9234
04/08 2357 7499 -9856
04/08 2522 8197 -10719
04/08 2631 8143 -10774
04/08 845 9739 -10584
03/08 965 9898 -10863
03/08 1350 9287 -10637
03/08 1193 9083 -10276
03/08 423 10265 -10688
02/08 252 11563 -11815
02/08 -434 12822 -12388
02/08 -42 12547 -12505
02/08 307 12957 -13264
01/08 1657 12580 -14237
01/08 2384 12492 -14876
01/08 2239 11982 -14221
01/08 824 12602 -13426
12/07 341 11513 -11854
12/07 599 11064 -11663
12/07 788 10327 -11115
12/07 327 9995 -10322
12/07 127 10150 -10277
11/07 -180 9692 -9512
11/07 676 9091 -9767
11/07 2081 7204 -9285
11/07 2026 7400 -9426
10/07 2475 7225 -9700
10/07 2558 8141 -10699
10/07 2417 8568 -10985
10/07 1870 9270 -11140
10/07 1432 9704 -11136
09/07 2373 8311 -10684
09/07 1640 9311 -10951
09/07 1345 10475 -11820
09/07 1706 9555 -11261
08/07 2681 8603 -11284
08/07 2604 7450 -10054
08/07 2876 6633 -9509
08/07 2142 7729 -9871
07/07 2446 7145 -9591
07/07 2687 6403 -9090
07/07 2486 6085 -8571
07/07 3276 4177 -7453
07/07 3644 2499 -6143
06/07 4345 2288 -6633
06/07 3998 2365 -6363
06/07 3384 3028 -6412
06/07 2269 4207 -6476
05/07 962 5077 -6039
05/07 915 6116 -7031
05/07 1435 5695 -7130
05/07 1456 4675 -6131
05/07 1543 5414 -6957
04/07 1436 5059 -6495
04/07 1427 5099 -6526
04/07 1627 5532 -7159
04/07 2381 4263 -6644
03/07 3575 3043 -6618
03/07 3155 4275 -7430
03/07 3543 3487 -7030
03/07 4167 3849 -8016
02/07 4858 2850 -7708
02/07 5203 3098 -8301
02/07 5616 2855 -8471
02/07 7412 861 -8273
01/07 7161 598 -7759
01/07 7196 -201 -6995
01/07 7027 -602 -6425
01/07 6755 -822 -5933
01/07 6674 -906 -5768
12/06 6705 -866 -5839
12/06 6709 -1035 -5674
12/06 6836 -1086 -5750
12/06 6826 -1364 -5462
11/06 6970 -1220 -5750
11/06 6668 -1561 -5107
11/06 7007 -2765 -4242
11/06 6674 -2846 -3828
10/06 5700 -1996 -3704
10/06 4747 -499 -4248
10/06 4686 179 -4865
10/06 3625 501 -4126
10/06 3310 641 -3951
09/06 2215 2963 -5178
09/06 1214 4454 -5668
09/06 -153 6584 -6431
09/06 -511 6648 -6137
08/06 -762 8859 -8097
08/06 -1310 9159 -7849
08/06 -929 8839 -7910
08/06 399 7596 -7995
08/06 11 8278 -8289
07/06 -194 8683 -8489
07/06 691 7419 -8110
07/06 1016 7703 -8719
07/06 805 8014 -8819
06/06 1597 6807 -8404
06/06 1735 5880 -7615
06/06 2550 5222 -7772
06/06 2996 4626 -7622
05/06 4167 3230 -7397
05/06 4603 2804 -7407
05/06 4723 3479 -8202
05/06 5270 2518 -7788
05/06 4319 3956 -8275
04/06 5045 4216 -9261
04/06 5550 3438 -8988
04/06 5229 4377 -9606
04/06 4586 5268 -9854
03/06 4626 7731 -12357
03/06 4268 7878 -12146
03/06 4682 6049 -10731
03/06 3279 8389 -11668
02/06 2969 7453 -10422
02/06 2868 7302 -10170
02/06 2967 7395 -10362
02/06 1730 8146 -9876
01/06 708 9237 -9945
01/06 -416 11259 -10843
01/06 -510 10945 -10435
01/06 -541 11574 -11033
01/06 -914 11408 -10494
12/05 -683 11299 -10616
12/05 -813 11835 -11022
12/05 -514 11382 -10868
12/05 -602 10963 -10361
11/05 -898 9390 -8492
11/05 -55 7968 -7913
11/05 -225 9224 -8999
11/05 543 8095 -8638
11/05 -88 7790 -7702
10/05 -355 8162 -7807
10/05 -874 9131 -8257
10/05 -2364 9782 -7418
10/05 -2447 9286 -6839
09/05 -1918 9232 -7314
09/05 -1514 9236 -7722
09/05 -1680 9812 -8132
09/05 -1463 8026 -6563
08/05 -806 7022 -6216
08/05 -376 6788 -6412
08/05 1159 5534 -6693
08/05 1817 5301 -7118
08/05 2940 3499 -6439
07/05 3390 3120 -6510
07/05 2694 3724 -6418
07/05 2213 6212 -8425
07/05 2755 5276 -8031
06/05 3282 4359 -7641
06/05 4556 2539 -7095
06/05 3560 4620 -8180
06/05 3721 5404 -9125
05/05 2698 6194 -8892
05/05 2965 6671 -9636
05/05 2228 7318 -9546
05/05 2614 6551 -9165
05/05 2243 6141 -8384
04/05 2279 6563 -8842
04/05 1796 7573 -9369
04/05 995 7614 -8609
04/05 966 7754 -8720
03/05 338 7379 -7717
03/05 484 7882 -8366
03/05 981 7601 -8582
03/05 3063 5385 -8448
03/05 4419 3298 -7717
02/05 4921 3019 -7940
02/05 4403 3122 -7525
02/05 3825 2626 -6451
02/05 3099 3408 -6507
01/05 3867 3240 -7107
01/05 3320 3187 -6507
01/05 3447 2565 -6012
01/05 3317 1515 -4832
12/04 3660 967 -4627
12/04 3662 666 -4328
12/04 4486 -1364 -3122
12/04 4922 -1769 -3153
11/04 5106 -1711 -3395
11/04 4767 -746 -4021
11/04 4004 -640 -3364
11/04 3257 329 -3586
11/04 3147 1098 -4245
10/04 2371 2259 -4630
10/04 1759 3041 -4800
10/04 1661 2836 -4497
10/04 1831 2619 -4450
09/04 2765 2078 -4843
09/04 2915 1789 -4704
09/04 2738 1706 -4444
09/04 2924 1375 -4299
08/04 2940 1303 -4243
08/04 3069 1669 -4738
08/04 3063 2211 -5274
08/04 2638 2484 -5122
08/04 3292 1627 -4919
07/04 3038 1771 -4809
07/04 2785 2256 -5041
07/04 2366 2180 -4546
07/04 2288 2909 -5197
06/04 2414 3521 -5935
06/04 1517 3577 -5094
06/04 1666 3467 -5133
06/04 1638 3339 -4977
06/04 1879 2644 -4523
05/04 1691 2606 -4297
05/04 1268 3056 -4324
05/04 1573 2497 -4070
05/04 1677 2701 -4378
04/04 2286 1893 -4179
04/04 2049 1911 -3960
04/04 2727 835 -3562
04/04 3045 666 -3711
03/04 2670 850 -3520
03/04 3665 -38 -3627
03/04 3414 508 -3922
03/04 3569 130 -3699
03/04 3559 897 -4456
02/04 4134 484 -4618
02/04 4332 520 -4852
02/04 4943 209 -5152
02/04 4761 -14 -4747
01/04 4982 -389 -4593
01/04 4706 -704 -4002
01/04 4862 -1269 -3593
01/04 4753 -2187 -2566
12/03 4619 -1101 -3518
12/03 4053 -841 -3212
12/03 4482 -971 -3511
12/03 3920 -63 -3857
12/03 3129 319 -3448
11/03 3215 -506 -2709
11/03 4063 -51 -4012
11/03 4164 -63 -4101
11/03 3743 375 -4118
10/03 4194 828 -5022
10/03 4334 1802 -6136
10/03 3833 2198 -6031
10/03 3621 4120 -7741
09/03 3256 5681 -8937
09/03 2710 6056 -8766
09/03 2776 6239 -9015
09/03 2873 5912 -8785
09/03 2759 7036 -9795
08/03 2468 8359 -10827
08/03 2371 7506 -9877
08/03 1350 9389 -10739
08/03 1060 8507 -9567
07/03 1031 7888 -8919
07/03 1180 7181 -8361
07/03 1292 5490 -6782
07/03 1999 4513 -6512
07/03 2336 2979 -5315
06/03 2412 1626 -4038
06/03 2355 1684 -4039
06/03 1776 2730 -4506
06/03 1266 3092 -4358
05/03 1524 1566 -3090
05/03 928 3124 -4052
05/03 270 3848 -4118
05/03 336 3233 -3569
04/03 1545 770 -2315
04/03 2034 497 -2531
04/03 2216 455 -2671
04/03 1891 499 -2390
04/03 2678 -547 -2131
03/03 2888 -1328 -1560
03/03 3258 -1884 -1374
03/03 3502 -2301 -1201
03/03 3403 -1888 -1515
02/03 3305 -1238 -2067
02/03 3005 -1677 -1328
02/03 2461 -1318 -1143
02/03 1048 824 -1872
01/03 1250 212 -1462
01/03 535 746 -1281
01/03 359 1138 -1497
01/03 -457 1615 -1158
12/02 -394 1333 -939
12/02 -526 1866 -1340
12/02 -967 1959 -992
12/02 -1090 3314 -2224
12/02 -1998 4019 -2021
11/02 -1562 3377 -1815
11/02 -316 2504 -2188
11/02 -158 2538 -2380
11/02 -121 1308 -1187
10/02 52 1435 -1487
10/02 66 1430 -1496
10/02 -124 1617 -1493
10/02 -345 1093 -748
10/02 -614 1962 -1348
09/02 -923 2800 -1877
09/02 -350 2057 -1707
09/02 -207 1536 -1329
09/02 328 1271 -1599
08/02 701 677 -1378
08/02 1306 -518 -788
08/02 1231 -356 -875
08/02 1321 -1523 202
07/02 1602 -1567 -35
07/02 1306 -1538 232
07/02 1552 -1049 -503
07/02 2402 -1992 -410
07/02 2549 -1845 -704
06/02 2636 -1805 -831
06/02 2452 -1525 -927
06/02 2982 -2234 -748
06/02 2733 -2201 -532
05/02 2667 -1941 -726
05/02 3138 -1590 -1548
05/02 2840 -1293 -1547
05/02 2361 -512 -1849
04/02 2375 -1039 -1336
04/02 1942 -1594 -348
04/02 1772 -2185 413
04/02 1902 -2628 726
04/02 2271 -3763 1492
03/02 2834 -3970 1136
03/02 3202 -3401 199
03/02 2145 -1836 -309
03/02 3147 -3105 -42
02/02 3112 -1866 -1246
02/02 2465 -930 -1535
02/02 1833 992 -2825
02/02 1487 769 -2256
01/02 2497 -650 -1847
01/02 2990 -1352 -1638
01/02 2905 27 -2932
01/02 1014 1346 -2360
12/01 1148 1356 -2504
12/01 1638 771 -2409
12/01 2000 800 -2800
12/01 2095 960 -3055
12/01 2100 875 -2975
11/01 2761 -223 -2538
11/01 3175 -699 -2476
11/01 4016 -1866 -2150
11/01 3259 -594 -2665
10/01 3124 -388 -2736
10/01 2774 40 -2814
10/01 3973 -376 -3597
10/01 4416 -61 -4355
10/01 3954 215 -4169
09/01 3694 894 -4588
09/01 2031 4237 -6268
09/01 2016 4053 -6069
09/01 2172 3599 -5771
08/01 4343 1336 -5679
08/01 3456 3150 -6606
08/01 3713 2538 -6251
08/01 3657 2747 -6404
07/01 3157 2830 -5987
07/01 2117 5423 -7540
07/01 1848 5780 -7628
07/01 1218 7115 -8333
07/01 649 7488 -8137
06/01 193 7850 -8043
06/01 644 8021 -8665
06/01 711 8123 -8834
06/01 974 7648 -8622
05/01 1178 6748 -7926
05/01 2003 5717 -7720
05/01 4210 2188 -6398
05/01 3845 3409 -7254
05/01 4115 3209 -7324
04/01 4435 2881 -7316
04/01 4745 2030 -6775
04/01 4705 1619 -6324
04/01 4718 680 -5398
03/01 4538 1556 -6094
03/01 4128 1398 -5526
03/01 4061 1809 -5870
03/01 3979 1784 -5763
02/01 4208 1591 -5799
02/01 3906 1624 -5530
02/01 3831 1440 -5271
02/01 3200 1521 -4721
01/01 1483 4229 -5712
01/01 1145 6128 -7273
01/01 1016 7036 -8052
01/01 1411 7056 -8467
01/01 563 7615 -8178
12/00 741 7822 -8563
12/00 648 7230 -7878
12/00 616 7479 -8095
12/00 488 6686 -7174
11/00 273 6305 -6578
11/00 429 5696 -6125
11/00 543 5569 -6112
11/00 397 5988 -6385
10/00 979 5321 -6300
10/00 1289 5097 -6386
10/00 1015 4761 -5776
10/00 1786 3467 -5253
10/00 2289 3261 -5550
09/00 2648 3295 -5943
09/00 3342 3231 -6573
09/00 4326 2322 -6648
09/00 4042 2380 -6422
08/00 3893 3338 -7231
08/00 3871 4780 -8651
08/00 4218 3582 -7800
08/00 4549 2898 -7447
08/00 4337 3259 -7596
07/00 4106 4683 -8789
07/00 3849 4790 -8639
07/00 4312 4115 -8427
07/00 5037 2928 -7965
06/00 4814 2314 -7128
06/00 5237 1708 -6945
06/00 4955 1463 -6418
06/00 5680 344 -6024
05/00 4890 330 -5220
05/00 5326 739 -6065
05/00 3580 1807 -5387
05/00 2369 4566 -6935
05/00 2753 5664 -8417
04/00 3984 4674 -8658
04/00 4069 5573 -9642
04/00 3773 5462 -9235
04/00 4026 4912 -8938
03/00 3963 5173 -9136
03/00 3497 4668 -8165
03/00 3555 5079 -8634
03/00 4303 5276 -9579
02/00 4954 4677 -9631
02/00 5007 4413 -9420
02/00 4231 5270 -9501
02/00 2382 6970 -9352
02/00 1335 8652 -9987
01/00 1817 8459 -10276
01/00 751 9026 -9777
01/00 964 8238 -9202
01/00 706 7274 -7980
12/99 1451 6578 -8029
12/99 1679 6351 -8030
12/99 1803 6684 -8487
12/99 1259 6770 -8029
11/99 898 7052 -7950
11/99 2088 5010 -7098
11/99 1377 4440 -5817
11/99 1169 3718 -4887
11/99 929 3896 -4825
10/99 1479 4340 -5819
10/99 635 6522 -7157
10/99 -741 7291 -6550
10/99 -1727 7915 -6188
09/99 -1878 7108 -5230
09/99 -2085 7358 -5273
09/99 -1983 7245 -5262
09/99 -2152 6942 -4790
08/99 -2144 5874 -3730
08/99 -1598 5034 -3436
08/99 -1987 5188 -3201
08/99 -1847 4359 -2512
08/99 -1447 4564 -3117
07/99 -1226 5356 -4130
07/99 -142 4445 -4303
07/99 -320 4629 -4309
07/99 -667 4735 -4068
06/99 -476 5240 -4764
06/99 -480 5402 -4922
06/99 -432 5557 -5125
06/99 180 3751 -3931
06/99 216 2313 -2529
05/99 463 1740 -2203
05/99 808 475 -1283
05/99 1129 431 -1560
05/99 546 639 -1185
04/99 738 650 -1388
04/99 321 726 -1047
04/99 -174 2465 -2291
04/99 144 2032 -2176
03/99 748 214 -962
03/99 426 392 -818
03/99 -155 725 -570
03/99 -665 1587 -922
03/99 -776 3876 -3100
02/99 -724 2552 -1828
02/99 -762 2783 -2021
02/99 -515 2926 -2411
02/99 -375 1795 -1420
01/99 -396 1648 -1252
01/99 -13 1435 -1422
01/99 964 -34 -930
01/99 306 -1044 738
12/98 459 -1287 828
12/98 448 -1825 1377
12/98 480 -1754 1274
12/98 -843 -453 1296
12/98 -786 -95 881
11/98 -905 -16 921
11/98 -1839 665 1174
11/98 -2541 1664 877
11/98 -2536 2197 339
10/98 -3651 3299 352
10/98 -2929 2918 11
10/98 -2552 2322 230
10/98 -2068 341 1727
09/98 -1857 831 1026
09/98 -1868 1007 861
09/98 -1182 -70 1252
09/98 -1255 -862 2117
09/98 -361 -1395 1756
08/98 -63 -1873 1936
08/98 -124 -1629 1753
08/98 312 -1167 855
08/98 -328 -956 1284
07/98 -338 -1683 2021
07/98 -216 -1709 1925
07/98 -90 -1602 1692
07/98 -5 -1575 1580
06/98 232 -1821 1589
06/98 36 -1817 1781
06/98 -169 -1436 1605
06/98 87 -1549 1462
06/98 -262 -984 1246
05/98 -1152 751 401
05/98 -1547 1116 431
05/98 -1429 1139 290
05/98 -851 1758 -907
04/98 -945 2048 -1103
04/98 -1598 2670 -1072
04/98 -2178 2959 -781
04/98 -1968 2923 -955
03/98 -1379 1247 132
03/98 -1958 1320 638
03/98 -1708 622 1086
03/98 -995 302 693
03/98 -586 276 310
02/98 -1159 874 285
02/98 -1055 1211 -156
02/98 -1085 874 211
02/98 -1394 1189 205
01/98 -1604 497 1107
01/98 -1153 635 518
01/98 27 -790 763
01/98 253 -1276 1023
12/97 -356 -610 966
12/97 -263 -267 530
12/97 -986 673 313
12/97 -1149 401 748
12/97 -863 1820 -957
12/97 -859 1067 -208
11/97 -1104 1782 -678
11/97 662 131 -793
11/97 743 -395 -348
11/97 804 -2038 1234
10/97 1073 -1613 540
10/97 1558 -1942 384
10/97 1983 -1689 -294
10/97 2201 -1604 -597
09/97 1763 98 -1861
09/97 1705 2275 -3980
09/97 1304 3077 -4381
09/97 1978 2296 -4274
09/97 1177 2108 -3285
08/97 2068 3389 -5457
08/97 1755 4006 -5761
08/97 17 5260 -5277
08/97 -775 6756 -5981
07/97 -1090 6727 -5637
07/97 -1944 7084 -5140
07/97 -2164 7114 -4950
07/97 -2369 6612 -4243
07/97 -2769 6462 -3693
06/97 -2475 4969 -2494
06/97 -2689 4985 -2296
06/97 -2352 4616 -2264
06/97 -3070 5969 -2899
05/97 -3202 6577 -3375
05/97 -3355 6281 -2926
05/97 -2459 5637 -3178
05/97 -2190 4771 -2581
04/97 -1276 4568 -3292
04/97 -527 4004 -3477
04/97 593 2971 -3564
04/97 1799 1517 -3316
04/97 2273 797 -3070
03/97 2551 661 -3212
03/97 2205 426 -2631
03/97 2848 102 -2950
03/97 569 1737 -2306
02/97 778 2131 -2909
02/97 1018 1416 -2434
02/97 317 1985 -2302
02/97 -528 2507 -1979
01/97 -268 2018 -1750
01/97 -247 1626 -1379
01/97 -393 2099 -1706
01/97 -43 2432 -2389
12/96 159 1906 -2065
12/96 -66 1105 -1039
12/96 -40 931 -891
12/96 -108 932 -824
12/96 -242 951 -709
11/96 -465 643 -178
11/96 -1093 1650 -557
11/96 -984 1511 -527
11/96 -627 1669 -1042
10/96 373 408 -781
10/96 -273 944 -671
10/96 51 124 -175
10/96 -535 842 -307
10/96 -1161 1051 110
09/96 -1384 870 514
09/96 -1672 1090 582
09/96 -2306 856 1450
09/96 -2582 397 2185
08/96 -2813 815 1998
08/96 -2416 850 1566
08/96 -2887 923 1964
08/96 -3435 1357 2078
07/96 -3358 908 2450
07/96 -2723 1031 1692
07/96 -978 212 766
07/96 -1106 432 674
07/96 238 243 -481
06/96 434 -125 -309
06/96 557 846 -1403
06/96 267 729 -996
06/96 453 648 -1101
05/96 274 -429 155
05/96 1518 -1060 -458
05/96 1737 -731 -1006
05/96 2274 -729 -1545
04/96 2010 -1523 -487
04/96 7 -1617 1610
04/96 -818 -607 1425
04/96 -486 -877 1363
04/96 -85 -1325 1410
03/96 82 -692 610
03/96 146 -643 497
03/96 -293 -855 1148
03/96 246 -1021 775
02/96 -817 -1005 1822
02/96 -1101 -980 2081
02/96 -800 -968 1768
02/96 -260 -1913 2173
01/96 -239 -2048 2287
01/96 250 -2907 2657
01/96 252 -2342 2090
01/96 -246 -2079 2325
01/96 -963 -1312 2275
12/95 -1731 389 1342
12/95 -1832 588 1244
12/95 -2451 910 1541
12/95 -3228 1761 1467
11/95 -2481 1075 1406
11/95 -2136 806 1330
11/95 -1934 539 1395
11/95 -1604 228 1376
10/95 -1033 -393 1426
10/95 -993 -1057 2050
10/95 -793 -1011 1804
10/95 -771 -336 1107
10/95 -582 -1317 1899
09/95 -772 -786 1558
09/95 -798 100 698
09/95 -824 724 100
09/95 -1057 371 686
08/95 -599 284 315
08/95 142 1356 -1498
08/95 -1 1519 -1518
08/95 -45 1946 -1901
08/95 -21 1344 -1323
07/95 -144 1567 -1423
07/95 -278 1647 -1369
07/95 -153 836 -683
07/95 -312 538 -226
06/95 -103 617 -514
06/95 1084 -352 -732
06/95 919 6 -925
06/95 1149 165 -1314
05/95 1806 143 -1949
05/95 2327 17 -2344
05/95 2243 472 -2715
05/95 1845 -156 -1689
05/95 1539 -396 -1143
04/95 1848 -726 -1122
04/95 2254 -1507 -747
04/95 2269 -1439 -830
04/95 3204 -2190 -1014
03/95 2821 -2969 148
03/95 2244 -2499 255
03/95 1508 -1369 -139
03/95 956 -241 -715
02/95 300 1183 -1483
02/95 -127 1644 -1517
02/95 -387 1848 -1461
02/95 -1194 2709 -1515
01/95 -1442 2459 -1017
01/95 -1739 2654 -915
01/95 -2074 2831 -757
01/95 -2283 2389 -106
01/95 -1859 2742 -883
12/94 -1824 2692 -868
12/94 -1686 2375 -689
12/94 -1257 1270 -13
12/94 -1289 1049 240
11/94 -892 1149 -257
11/94 -693 998 -305
11/94 -1204 1007 197
11/94 -945 829 116
11/94 -775 541 234
10/94 -740 114 626
10/94 -67 -906 973
10/94 380 -1102 722
10/94 461 -1097 636
09/94 366 -979 613
09/94 -11 -973 984
09/94 -294 114 180
09/94 -108 445 -337
08/94 54 530 -584
08/94 163 1167 -1330
08/94 438 954 -1392
08/94 918 1138 -2056
08/94 1330 477 -1807
07/94 2135 -36 -2099
07/94 2337 -835 -1502
07/94 2339 -809 -1530
07/94 2452 -1085 -1367
06/94 3193 -2020 -1173
06/94 3189 -2061 -1128
06/94 3395 -2441 -954
06/94 3132 -1157 -1975
05/94 3764 -1179 -2585
05/94 3163 -728 -2435
05/94 3034 -1015 -2019
05/94 2909 -882 -2027
05/94 2633 -436 -2197
04/94 1784 513 -2297
04/94 1000 773 -1773
04/94 -74 2687 -2613
04/94 -103 2643 -2540
03/94 277 1998 -2275
03/94 382 2145 -2527
03/94 73 2181 -2254
03/94 147 2429 -2576
03/94 304 2628 -2932
02/94 841 1885 -2726
02/94 830 1678 -2508
02/94 529 1177 -1706
02/94 549 1708 -2257
01/94 918 436 -1354
01/94 1055 658 -1713
01/94 1243 575 -1818
01/94 1988 -893 -1095
12/93 2312 -780 -1532
12/93 2422 -497 -1925
12/93 2235 -973 -1262
12/93 2506 -1372 -1134
11/93 2287 -1827 -460
11/93 2370 -2143 -227
11/93 2065 -1424 -641
11/93 2429 -579 -1850
11/93 2777 -656 -2121
10/93 2949 -1280 -1669
10/93 2819 -1517 -1302
10/93 2489 -1664 -825
10/93 1789 -257 -1532
09/93 1704 346 -2050
09/93 2352 697 -3049
09/93 2732 993 -3725
09/93 2756 1615 -4371
08/93 2409 1627 -4036
08/93 4243 1375 -5618
08/93 4542 1815 -6357
08/93 4717 1521 -6238
08/93 4596 1890 -6486
07/93 5039 1655 -6694
07/93 5139 1541 -6680
07/93 4359 1477 -5836
07/93 3994 1387 -5381
06/93 2369 2162 -4531
06/93 2444 2193 -4637
06/93 2445 2134 -4579
06/93 2564 1810 -4374
06/93 1997 2210 -4207
05/93 2120 1834 -3954
05/93 2295 2103 -4398
05/93 2204 2335 -4539
05/93 2034 2202 -4236
04/93 1620 2054 -3674
04/93 1490 2000 -3490
04/93 1480 2028 -3508
04/93 1181 1940 -3121
03/93 1245 1936 -3181
03/93 979 2377 -3356
03/93 412 3047 -3459
03/93 266 3336 -3602
03/93 16 3247 -3263
02/93 -162 2603 -2441
02/93 -205 2408 -2203
02/93 -430 2420 -1990
02/93 -489 2529 -2040
01/93 347 2702 -3049
01/93 487 1969 -2456
01/93 845 1596 -2441
01/93 1092 1551 -2643
12/92 1298 1344 -2642
12/92 794 1724 -2518
12/92 473 1496 -1969
12/92 606 1294 -1900
12/92 611 987 -1598
11/92 586 1066 -1652
11/92 1928 524 -2452
11/92 2477 417 -2894
11/92 2235 825 -3060
10/92 2692 819 -3511
10/92 2851 1002 -3853
10/92 2601 1241 -3842
10/92 2266 831 -3097
09/92 1945 1061 -3006
09/92 2163 1234 -3397
08/92 1764 1637 -3401
08/92 3101 1039 -4140
07/92 3598 606 -4204
07/92 2993 -204 -2789
06/92 2325 153 -2478
06/92 2380 -269 -2111
05/92 1929 -615 -1314
05/92 2037 419 -2456
04/92 1781 701 -2482
04/92 1717 820 -2537
03/92 1412 1067 -2479
03/92 1168 320 -1488
02/92 1157 -1238 81
02/92 1166 -986 -180
01/92 1115 -1242 127
01/92 1556 -2163 607
12/91 1440 -2703 1263
12/91 1334 -1951 617
11/91 1373 -1626 253
11/91 1438 -726 -712
10/91 812 459 -1271
10/91 1088 1067 -2155
09/91 786 567 -1353
09/91 1028 -1003 -25
08/91 1033 -421 -612
08/91 2064 -2130 66
07/91 950 1411 -2361
07/91 1816 1734 -3550
06/91 2657 132 -2789
06/91 2591 571 -3162
05/91 2619 906 -3525
05/91 2548 261 -2809
04/91 1856 655 -2511
04/91 2495 756 -3251
03/91 1852 1534 -3386
03/91 726 1995 -2721
02/91 453 1977 -2430
02/91 845 1615 -2460
01/91 2204 759 -2963
01/91 3049 -407 -2642
12/90 2037 1555 -3592
12/90 1369 1402 -2771
11/90 1914 1235 -3149
11/90 1963 1056 -3019
10/90 2565 -159 -2406
10/90 2013 257 -2270
09/90 2070 756 -2826
09/90 1469 1149 -2618
08/90 685 1298 -1983
08/90 375 2951 -3326
07/90 839 2631 -3470
07/90 485 2152 -2637
06/90 -471 2367 -1896
06/90 -297 2355 -2058
05/90 504 2232 -2736
05/90 524 2933 -3457
04/90 842 2744 -3586
04/90 2271 2713 -4984
03/90 1769 2257 -4026
03/90 2060 2658 -4718
02/90 2630 -65 -2565
02/90 2811 611 -3422
01/90 1692 1365 -3057
01/90 965 968 -1933
12/89 788 1719 -2507
12/89 -95 1575 -1480
11/89 -94 1250 -1156
11/89 10 849 -859
10/89 453 557 -1010
10/89 180 1881 -2061
09/89 -167 1752 -1585
09/89 302 1185 -1487
08/89 712 163 -875
08/89 266 1140 -1406
07/89 1468 867 -2335
07/89 1659 578 -2237
06/89 947 1868 -2815
06/89 2304 1414 -3718
05/89 3910 -1262 -2648
05/89 3168 -1439 -1729
04/89 2934 -2286 -648
04/89 2739 -2700 -39
03/89 2206 -731 -1475
03/89 2290 -1831 -459
02/89 2165 102 -2267
02/89 1742 739 -2481
01/89 1827 1120 -2947
01/89 1147 2111 -3258
12/88 2453 1433 -3886
12/88 3144 1096 -4240
11/88 2922 512 -3434
11/88 2964 1180 -4144
10/88 3088 1313 -4401
10/88 3558 1555 -5113
09/88 3072 2663 -5735
09/88 2453 3500 -5953
08/88 1594 5057 -6651
08/88 1422 5500 -6922
07/88 2510 3271 -5781
07/88 4515 -42 -4473
06/88 4558 -921 -3637
06/88 4181 -1128 -3053
05/88 2904 -170 -2734
05/88 1807 1731 -3538
04/88 1174 1506 -2680
04/88 277 1797 -2074
03/88 -9 2877 -2868
03/88 98 2888 -2986
02/88 1245 1847 -3092
02/88 2209 2078 -4287
01/88 3247 1207 -4454
01/88 3791 1728 -5519
12/87 5727 -170 -5557
12/87 5503 -864 -4639
11/87 4276 -503 -3773
11/87 3971 -351 -3620
10/87 4088 -610 -3478
10/87 2228 2386 -4614
09/87 819 4591 -5410
09/87 658 4006 -4664
08/87 1235 3563 -4798
08/87 1034 4030 -5064
07/87 1880 2542 -4422
07/87 1539 1149 -2688
06/87 2453 856 -3309
06/87 3469 53 -3522
05/87 2958 -20 -2938
05/87 2205 973 -3178
04/87 347 948 -1295
04/87 -1324 2439 -1115
03/87 -932 2332 -1400
03/87 179 1686 -1865
02/87 -295 1804 -1509
02/87 -11 1199 -1188
01/87 231 1636 -1867
01/87 822 1141 -1963
12/86 99 950 -1049
12/86 210 1362 -1572
11/86 343 1442 -1785
11/86 389 974 -1363
10/86 545 273 -818
10/86 0 386 -386
09/86 -119 76 43
09/86 -629 848 -219
08/86 -872 1289 -417
08/86 164 920 -1084
07/86 454 1255 -1709
07/86 -393 1861 -1468
06/86 -254 1107 -853
06/86 -400 1159 -759
05/86 -444 476 -32
05/86 -714 287 427
04/86 -1127 199 928
04/86 -720 -74 794
03/86 -807 189 618
03/86 -230 -106 336
02/86 1129 -334 -795
02/86 1226 -67 -1159
01/86 1608 502 -2110
01/86 2192 112 -2304
02/19 7180 -426 -6754
02/19 7268 -995 -6273
01/19 6006 -295 -5711
01/19 5919 -999 -4920
01/19 5028 207 -5235
01/19 4842 271 -5113
02/19 7180 -426 -6754
02/19 7268 -995 -6273
01/19 6006 -295 -5711
01/19 5919 -999 -4920
01/19 5028 207 -5235
01/19 4842 271 -5113
02/19 7180 -426 -6754
02/19 7268 -995 -6273
01/19 6006 -295 -5711
01/19 5919 -999 -4920
01/19 5028 207 -5235
01/19 4842 271 -5113
02/19 7180 -426 -6754
02/19 7268 -995 -6273
01/19 6006 -295 -5711
01/19 5919 -999 -4920
01/19 5028 207 -5235
01/19 4842 271 -5113
02/19 7180 -426 -6754
02/19 7268 -995 -6273
01/19 6006 -295 -5711
01/19 5919 -999 -4920
01/19 5028 207 -5235
01/19 4842 271 -5113
