06/10 -1885 -2253 4139
06/10 -3015 2325 690
06/10 2204 -2507 303
07/10 2439 -5920 3482
07/10 4175 -7520 3346
07/10 -788 -1466 2255
07/10 -1523 -1918 3440
08/10 -9629 4562 5067
08/10 -11879 7519 4360
08/10 -4855 2077 2778
08/10 6234 -8334 2099
08/10 13355 -15247 1892
09/10 10706 -12869 2163
09/10 2049 -5355 3306
09/10 -6470 3213 3258
09/10 -19556 15100 4457
10/10 -30762 25463 5298
10/10 -23203 19065 4137
10/10 -22424 17714 4711
10/10 -26097 22133 3964
11/10 -24602 20257 4345
11/10 -21186 16461 4724
11/10 -22687 20759 1928
11/10 -16518 11859 4658
11/10 -15571 11689 3881
12/10 -18948 13414 5533
12/10 -18898 14164 4734
12/10 -19692 17463 2230
12/10 -21394 16243 5151
01/11 -26020 19775 6244
01/11 -20581 16365 4217
01/11 -22201 18246 3955
01/11 -25559 20769 4789
02/11 -24058 19670 4387
02/11 -15996 11856 4141
02/11 -17836 13760 4076
02/11 -18426 16546 1880
03/11 -14857 9723 5134
03/11 -15944 11363 4580
03/11 -4813 2056 2757
03/11 -2668 1971 697
03/11 -13492 9371 4122
04/11 -21390 15558 5831
04/11 -16683 11334 5348
04/11 -12504 8182 4322
04/11 -20147 15421 4726
05/11 -30305 24672 5633
05/11 -28646 22549 6097
05/11 -22276 17006 5269
05/11 -17959 12568 5390
05/11 -18003 12818 5184
06/11 -10393 7348 3045
06/11 -7346 767 6579
06/11 -1074 -3396 4470
06/11 686 -2043 1357
07/11 -6050 3764 2286
07/11 -21898 17628 4270
07/11 -21192 16138 5054
07/11 -21041 16648 4393
08/11 -16970 13189 3781
08/11 -10797 8552 2245
08/11 1961 -2455 494
08/11 -212 -123 334
08/11 3109 -2770 -340
09/11 -1161 794 367
09/11 -138 -196 335
09/11 -6577 5046 1531
09/11 -4729 4858 -129
10/11 -1424 943 481
10/11 -4090 3466 625
10/11 -11818 9177 2641
10/11 -14452 11863 2589
11/11 -16226 12756 3470
11/11 -14882 11031 3853
11/11 -15765 11451 4314
11/11 -6029 3167 2862
11/11 -3417 1933 1485
12/11 -7488 4739 2750
12/11 -10101 9027 1074
12/11 -7325 4522 2802
12/11 -6073 2958 3116
01/12 -9252 5404 3849
01/12 -13701 9712 3989
01/12 -15742 11511 4231
01/12 -23799 18815 4984
01/12 -26017 21515 4502
02/12 -27950 23358 4593
02/12 -29602 25153 4449
02/12 -25960 22128 3832
02/12 -28889 25123 3767
03/12 -28377 24557 3821
03/12 -31045 27628 3417
03/12 -17591 18076 -485
03/12 -15089 16436 -1347
04/12 -16645 18626 -1981
04/12 -23054 19867 3189
04/12 -27040 23285 3756
04/12 -26322 21439 4883
05/12 -22598 18839 3759
05/12 -11731 8052 3680
05/12 -17652 13947 3706
05/12 -11415 8467 2948
05/12 -8344 5360 2983
06/12 -6231 3738 2493
06/12 -6955 3025 3930
06/12 -13455 10714 2741
06/12 -13658 11724 1934
07/12 -15795 12751 3044
07/12 -12164 9433 2730
07/12 -11814 8447 3367
07/12 -15552 11096 4456
07/12 -18356 15670 2687
08/12 -22540 20368 2173
08/12 -23799 21307 2492
08/12 -29919 24363 5556
08/12 -32985 27698 5286
09/12 -33718 28207 5511
09/12 -34909 27881 7027
09/12 -31344 25604 5740
09/12 -29395 24685 4711
10/12 -24751 20955 3797
10/12 -19900 16541 3359
10/12 -17527 14401 3124
10/12 -13573 9878 3695
10/12 -13273 9611 3662
11/12 -10529 7808 2721
11/12 -6767 4580 2187
11/12 -898 -1882 2780
11/12 -2426 -485 2911
12/12 -8323 3903 4420
12/12 -12977 8640 4336
12/12 -12766 8566 4199
12/12 -11864 7655 4209
12/12 -8399 4870 3529
01/13 -12289 9323 2967
01/13 -11574 8223 3350
01/13 -12252 9630 2622
01/13 -13680 11380 2299
02/13 -13422 12947 475
02/13 -13126 11469 1657
02/13 -14498 13687 811
02/13 -10432 9344 1087
03/13 -17603 15565 2038
03/13 -18977 17483 1495
03/13 -21855 19295 2560
03/13 -21287 19242 2045
04/13 -25192 23304 1888
04/13 -18330 17274 1057
04/13 -22752 21645 1108
04/13 -18586 16378 2209
04/13 -26767 26100 667
05/13 -27308 26457 851
05/13 -26888 26293 595
05/13 -26525 25748 777
05/13 -31016 29774 1241
06/13 -27959 27442 517
06/13 -19967 19313 654
06/13 -24664 19815 4849
06/13 -13098 10649 2448
07/13 -12827 10828 1998
07/13 -16359 13458 2901
07/13 -20538 17794 2744
07/13 -25934 23579 2354
07/13 -25270 24010 1260
08/13 -25876 24919 958
08/13 -27187 25252 1935
08/13 -22567 20445 2123
08/13 -19930 16515 3416
09/13 -20647 17069 3578
09/13 -22038 18775 3264
09/13 -27524 23433 4090
09/13 -26638 23741 2897
10/13 -29226 27266 1960
10/13 -23926 20881 3045
10/13 -23933 20870 3063
10/13 -23554 22206 1347
10/13 -27084 25543 1540
11/13 -29473 27859 1614
11/13 -26189 24224 1966
11/13 -24062 22755 1307
11/13 -25621 25160 460
12/13 -26755 26049 706
12/13 -23369 23698 -329
12/13 -27044 25295 1749
12/13 -22517 19978 2539
12/13 -22375 20060 2316
01/14 -22086 18765 3322
01/14 -20581 17845 2736
01/14 -22365 18993 3373
01/14 -24481 18784 5697
02/14 -20457 16734 3723
02/14 -16837 12769 4068
02/14 -21229 17347 3882
02/14 -26621 22799 3823
03/14 -26568 22648 3921
03/14 -22534 18357 4176
03/14 -24854 20695 4159
03/14 -17802 14267 3535
04/14 -19430 14813 4617
04/14 -15960 8307 7652
04/14 -12805 6866 5939
04/14 -10928 5046 5882
04/14 -14489 7423 7065
05/14 -10823 8287 2535
05/14 -10525 7647 2879
05/14 -6824 5338 1486
05/14 -10101 9410 691
06/14 -13581 10250 3331
06/14 -12730 11317 1413
06/14 -17308 14700 2608
06/14 -11242 10628 615
07/14 -10426 9889 538
07/14 -11141 8978 2162
07/14 -11233 10379 855
07/14 -13341 12724 617
07/14 -13489 12919 570
08/14 -14443 12700 1743
08/14 -11370 10047 1323
08/14 -12243 9557 2687
08/14 -13288 10571 2716
09/14 -13737 10823 2915
09/14 -13662 10975 2687
09/14 -17089 13649 3440
09/14 -13372 12708 663
09/14 -15740 13916 1824
10/14 -15324 13737 1587
10/14 -15498 12850 2647
10/14 -10534 7965 2569
10/14 -13142 9604 3539
11/14 -13559 9752 3807
11/14 -18273 15012 3262
11/14 -18153 15325 2829
11/14 -15542 13342 2201
12/14 -17245 14544 2700
12/14 -18128 15045 3083
12/14 -17166 12924 4242
12/14 -12304 8335 3968
12/14 -12517 8289 4228
01/15 -12966 9675 3291
01/15 -11323 7550 3773
01/15 -10920 5706 5214
01/15 -9348 3932 5416
02/15 -8953 4031 4922
02/15 -11524 6029 5495
02/15 -15140 11553 3587
02/15 -15852 12060 3792
03/15 -17287 13477 3809
03/15 -19149 15605 3544
03/15 -16510 12703 3807
03/15 -15033 12170 2863
03/15 -12767 10461 2306
04/15 -14275 11856 2419
04/15 -15366 13617 1748
04/15 -16264 14031 2233
04/15 -19124 17676 1448
05/15 -12870 13375 -505
05/15 -10717 9253 1464
05/15 -12973 11035 1938
05/15 -10981 9846 1134
06/15 -16659 13519 3139
06/15 -11002 8172 2830
06/15 -10994 8736 2258
06/15 -17264 14940 2323
06/15 -8038 6188 1850
07/15 -7556 5783 1772
07/15 -12201 10978 1223
07/15 -18366 17128 1239
07/15 -20804 18033 2771
08/15 -18171 15796 2375
08/15 -14475 12360 2115
08/15 -16686 14776 1910
08/15 -2946 2286 660
09/15 1146 -1221 77
09/15 1998 -1157 -842
09/15 735 -124 -612
09/15 -1226 1807 -581
09/15 -519 408 111
10/15 -686 1907 -1221
10/15 -2083 2351 -268
10/15 -6162 6010 152
10/15 -11379 11363 15
11/15 -14383 14028 355
11/15 -18141 16313 1828
11/15 -15522 13773 1749
11/15 -12687 11044 1643
12/15 -12999 11352 1648
12/15 -12535 10799 1736
12/15 -14288 12304 1984
12/15 -12003 9578 2426
12/15 -14138 12184 1954
01/16 -8399 7193 1206
01/16 -8170 6646 1523
01/16 -6849 5816 1033
01/16 -6150 6059 92
02/16 -3569 4349 -780
02/16 -1827 1924 -97
02/16 1577 -74 -1503
02/16 1296 575 -1871
03/16 -1838 2780 -943
03/16 -525 1356 -832
03/16 1493 -880 -612
03/16 -1139 1592 -453
03/16 -4711 4226 485
04/16 -6310 5858 451
04/16 -8620 7623 997
04/16 -10772 10098 673
04/16 -8557 7363 1194
05/16 -2086 1866 220
05/16 2099 -1864 -235
05/16 2762 -1520 -1242
05/16 -5500 6041 -541
05/16 -10492 10993 -501
06/16 -13186 12544 642
06/16 -17070 16639 431
06/16 -15961 15318 643
06/16 -8239 9362 -1123
07/16 -7804 8926 -1122
07/16 -14574 14459 115
07/16 -20302 19259 1044
07/16 -24914 24057 857
08/16 -26871 26336 536
08/16 -27346 26329 1017
08/16 -26330 25589 741
08/16 -26428 25626 802
08/16 -30056 29408 647
09/16 -28918 28746 172
09/16 -20080 19233 847
09/16 -24133 23743 390
09/16 -27977 27299 679
10/16 -27881 27478 403
10/16 -28388 25860 2528
10/16 -32110 31424 686
10/16 -32931 32533 398
11/16 -26364 26340 23
11/16 -20913 20320 593
11/16 -14987 14282 705
11/16 -17523 16853 671
11/16 -18855 17854 1001
12/16 -10280 10545 -265
12/16 -17869 15424 2445
12/16 -16626 14988 1638
12/16 -18618 16704 1914
01/17 -16373 14736 1637
01/17 -16761 16342 421
01/17 -18371 17801 570
01/17 -17321 17537 -216
01/17 -20558 19940 618
02/17 -18400 18483 -84
02/17 -17269 17936 -668
02/17 -15185 15875 -690
02/17 -16728 16757 -30
03/17 -14980 14957 23
03/17 -15221 14823 398
03/17 -16257 15226 1031
03/17 -17529 17059 470
04/17 -18607 18807 -199
04/17 -19441 19549 -109
04/17 -21124 21167 -44
04/17 -22713 22904 -191
05/17 -20840 21166 -327
05/17 -18373 18898 -524
05/17 -15038 15707 -670
05/17 -14301 14817 -515
05/17 -15864 16062 -197
06/17 -18975 18498 477
06/17 -20963 20316 647
06/17 -15754 14188 1566
06/17 -10651 10240 410
07/17 -8139 7715 423
07/17 -4961 6146 -1185
07/17 -6377 7752 -1375
07/17 -9315 10655 -1340
08/17 -10019 11157 -1139
08/17 -6797 8599 -1803
08/17 -7102 9432 -2331
08/17 -6602 7813 -1210
08/17 -6826 8432 -1606
09/17 -6911 8827 -1916
09/17 -7689 9516 -1826
09/17 -6971 7706 -734
09/17 -4961 5654 -693
10/17 -5096 5837 -740
10/17 -4961 6011 -1051
10/17 -4404 5787 -1382
10/17 -6688 7085 -398
10/17 -7922 8401 -479
11/17 -4900 5749 -849
11/17 -4616 5517 -902
11/17 -2716 3137 -421
11/17 -590 1122 -532
12/17 -1899 1221 678
12/17 -1591 1334 257
12/17 -1487 808 679
12/17 -1942 575 1367
01/18 -3838 3572 267
01/18 -3134 3240 -105
01/18 -5177 5081 95
01/18 -3455 2998 458
01/18 -5498 4475 1023
02/18 -3668 2499 1170
02/18 1857 -2083 226
02/18 2710 -1658 -1052
02/18 418 567 -984
03/18 -1122 1185 -62
03/18 -4387 3828 560
03/18 -2992 2432 561
03/18 -3549 3514 35
04/18 2383 -3158 776
04/18 929 -1332 403
04/18 2053 -1577 -476
04/18 4426 -4942 516
05/18 3222 -2773 -449
05/18 2089 -1322 -766
05/18 2391 -8 -2383
05/18 457 -742 285
05/18 -749 1274 -525
06/18 -1846 2222 -376
06/18 -1341 1682 -341
06/18 -3818 4558 -739
06/18 -2565 2706 -141
07/18 -3402 3230 171
07/18 -4227 4321 -94
07/18 -7957 7840 118
07/18 -7014 6574 441
07/18 -8517 8644 -127
08/18 -6306 7335 -1029
08/18 -6209 7494 -1285
08/18 -5923 6214 -292
08/18 -6687 7483 -796
09/18 -7774 8924 -1150
09/18 -6888 6939 -51
09/18 -5817 5866 -49
09/18 -7040 7258 -218
10/18 -6873 7245 -373
10/18 -2426 2263 163
10/18 1304 75 -1379
10/18 -1623 1856 -233
10/18 -846 2050 -1203
11/18 1235 -118 -1117
11/18 2681 -1080 -1600
11/18 -269 895 -624
11/18 -1894 2745 -852
12/18 2376 -2064 -312
12/18 903 -609 -294
12/18 -1133 698 434
12/18 -3168 2157 1011
12/18 2599 -1758 -840
01/19 4641 -1209 -3432
01/19 6865 -2942 -3922
01/19 4886 -2840 -2046
01/19 6869 -3702 -3167
02/19 8279 -4703 -3577
02/19 8548 -5359 -3189
02/19 8244 -5145 -3099
02/19 8244 -5145 -3099
02/19 6966 -3890 -3076
03/19 7644 -4243 -3402
03/19 6108 -2730 -3378
03/19 1520 451 -1971
03/19 204 1482 -1687
04/19 52 1428 -1480
04/19 134 1479 -1613
04/19 3761 -1705 -2056
04/19 3065 -1208 -1857
04/19 1914 -482 -1432
05/19 2661 -1870 -791
05/19 -743 2297 -1555
05/19 -1281 2592 -1312
05/19 -2881 3544 -663
06/19 172 841 -1014
06/19 -976 2313 -1337
06/19 -4106 4295 -190
06/19 -3733 4514 -781
07/19 -3911 4920 -1009
07/19 -2330 3586 -1256
07/19 -4197 5096 -899
07/19 -3868 4667 -800
