09/07 -351 -255 606
09/07 288 -1377 1089
09/07 -1280 31 1249
09/07 -4977 2891 2086
10/07 -7111 5361 1750
10/07 -10477 9044 1433
10/07 -13176 11352 1824
10/07 -12449 10720 1729
10/07 -11995 10198 1797
11/07 -11146 9369 1777
11/07 -9972 8871 1101
11/07 -8522 7930 592
11/07 -9729 8354 1375
12/07 -9442 8061 1381
12/07 -10381 8566 1815
12/07 -9579 7580 1999
12/07 -11392 9323 2069
12/07 -11721 10223 1498
01/08 -9862 8447 1415
01/08 -8859 8194 665
01/08 -7464 7187 277
01/08 -7639 6931 708
02/08 -5641 5337 304
02/08 -3666 3957 -291
02/08 -3112 2744 368
02/08 -3257 2644 613
03/08 -4560 2729 1831
03/08 -3958 2776 1182
03/08 -2281 1551 730
03/08 -961 477 484
04/08 -1031 672 359
04/08 -1252 903 349
04/08 -2392 1866 526
04/08 -2185 1780 405
04/08 -4555 4042 513
05/08 -4074 3751 323
05/08 -3113 2904 209
05/08 -3401 3037 364
05/08 -2902 2157 745
06/08 -2574 1640 934
06/08 -5212 4507 705
06/08 -5078 4861 217
06/08 -4795 4088 707
07/08 -6619 5643 976
07/08 -8883 7606 1277
07/08 -9621 8542 1079
07/08 -9883 8696 1187
07/08 -7166 6107 1059
08/08 -5086 3851 1235
08/08 -3615 2385 1230
08/08 -3470 2300 1170
08/08 -4710 2267 2443
09/08 -3878 2186 1692
09/08 -3175 2123 1052
09/08 -2558 1429 1129
09/08 -4374 2951 1423
09/08 -3903 2719 1184
10/08 -3381 2191 1190
10/08 -4273 3297 976
10/08 -5134 4299 835
10/08 -4346 4025 321
11/08 -4798 4574 224
11/08 -5264 4983 281
11/08 -4147 4472 -325
11/08 -3960 3958 2
12/08 -3222 3347 -125
12/08 -2780 2865 -85
12/08 -3793 3794 -1
12/08 -3936 3931 5
12/08 -2958 3141 -183
01/09 -3440 3423 17
01/09 -4719 4456 263
01/09 -4024 3849 175
01/09 -4365 3699 666
02/09 -2777 2284 493
02/09 -1631 862 769
02/09 -691 -340 1031
02/09 1627 -1982 355
03/09 1270 -1588 318
03/09 0 -757 757
03/09 -692 514 178
03/09 -1964 1143 821
03/09 -3068 2208 860
04/09 -3422 2376 1046
04/09 -7850 6438 1412
04/09 -8302 6403 1899
04/09 -7574 6029 1545
05/09 -9234 7145 2089
05/09 -12152 9600 2552
05/09 -12324 9918 2406
05/09 -12659 10222 2437
06/09 -13583 11036 2547
06/09 -11035 9216 1819
06/09 -7519 6386 1133
06/09 -5943 4961 982
06/09 -4608 3698 910
07/09 -5949 4929 1020
07/09 -10062 8921 1141
07/09 -13892 11707 2185
07/09 -14142 12050 2092
08/09 -12903 11443 1460
08/09 -16095 13353 2742
08/09 -16091 14205 1886
08/09 -17664 15802 1862
09/09 -15337 13972 1365
09/09 -13720 12885 835
09/09 -13152 12111 1041
09/09 -15106 13909 1197
09/09 -13580 12437 1143
10/09 -13718 12812 906
10/09 -17748 14943 2805
10/09 -15272 11921 3351
10/09 -15294 11969 3325
11/09 -14081 11668 2413
11/09 -14585 11712 2873
11/09 -14848 12534 2314
11/09 -14964 12570 2394
12/09 -16624 13582 3042
12/09 -17696 14698 2998
12/09 -18308 15723 2585
12/09 -21610 18771 2839
12/09 -22027 19349 2678
01/10 -21746 18595 3151
01/10 -19335 16253 3082
01/10 -17037 14873 2164
01/10 -18748 15449 3299
02/10 -18552 15444 3108
02/10 -17852 15103 2749
02/10 -17278 14371 2907
02/10 -15038 12344 2694
03/10 -17156 14128 3028
03/10 -18166 14908 3258
03/10 -18722 15636 3086
03/10 -17472 15056 2416
03/10 -13744 11819 1925
04/10 -12342 11008 1334
04/10 -9130 8246 884
04/10 -9883 8418 1465
04/10 -9990 8600 1390
05/10 -10792 9638 1154
05/10 -11216 9288 1928
05/10 -12690 10553 2137
05/10 -12164 10277 1887
06/10 -10360 8289 2071
06/10 -9100 7327 1773
06/10 -9989 7945 2044
06/10 -12257 10050 2207
06/10 -11774 9832 1942
07/10 -14061 11400 2661
07/10 -10158 8148 2010
07/10 -9498 7831 1667
07/10 -11715 9634 2081
08/10 -13620 11249 2371
08/10 -12886 10806 2080
08/10 -8993 8048 945
08/10 -7534 7027 507
08/10 -6860 6422 438
09/10 -6588 6487 101
09/10 -9565 8467 1098
09/10 -13972 11458 2514
09/10 -16399 13431 2968
10/10 -16880 14026 2854
10/10 -15611 12853 2758
10/10 -14311 12328 1983
10/10 -13168 11259 1909
11/10 -14879 12367 2512
11/10 -15728 13017 2711
11/10 -14469 12212 2257
11/10 -14834 12054 2780
11/10 -13666 11120 2546
12/10 -16657 13709 2948
12/10 -16617 13123 3494
12/10 -16468 13110 3358
12/10 -16635 13457 3178
01/11 -17723 14399 3324
01/11 -18047 14587 3460
01/11 -18178 15047 3131
01/11 -18285 15224 3061
02/11 -17523 14504 3019
02/11 -17798 14580 3218
02/11 -13784 11163 2621
02/11 -16687 13580 3107
03/11 -17392 14112 3280
03/11 -18123 14857 3266
03/11 -16168 13417 2751
03/11 -11920 9325 2595
03/11 -11214 8806 2408
04/11 -11414 8925 2489
04/11 -12862 10059 2803
04/11 -14904 11934 2970
04/11 -14597 11575 3022
05/11 -15524 12494 3030
05/11 -15582 12457 3125
05/11 -17545 14083 3462
05/11 -18350 15136 3214
05/11 -19463 16243 3220
06/11 -20205 16763 3442
06/11 -19193 15606 3587
06/11 -20414 17043 3371
06/11 -20631 17090 3541
07/11 -20807 17340 3467
07/11 -20670 17241 3429
07/11 -20878 17636 3242
07/11 -21459 18055 3404
08/11 -22341 18791 3550
08/11 -14871 12642 2229
08/11 -11086 8585 2501
08/11 -11774 9465 2309
08/11 -11011 8959 2052
09/11 -11164 8895 2269
09/11 -12090 9745 2345
09/11 -12615 9948 2667
09/11 -10259 8846 1413
10/11 -9769 8521 1248
10/11 -9884 8335 1549
10/11 -10680 8874 1806
10/11 -11417 9011 2406
11/11 -12978 10464 2514
11/11 -13173 11013 2160
11/11 -12696 10252 2444
11/11 -13603 10906 2697
11/11 -13955 11359 2596
12/11 -14004 11369 2635
12/11 -11568 9590 1978
12/11 -13018 10979 2039
12/11 -13149 11019 2130
01/12 -14529 12611 1918
01/12 -16279 14369 1910
01/12 -14220 12008 2212
01/12 -15002 13268 1734
01/12 -15395 13094 2301
02/12 -15222 13013 2209
02/12 -13977 11609 2368
02/12 -12479 10149 2330
02/12 -12436 9972 2464
03/12 -13409 11044 2365
03/12 -13459 11388 2071
03/12 -13187 11248 1939
03/12 -11056 9076 1980
04/12 -9936 8223 1713
04/12 -8045 7007 1038
04/12 -7344 6355 989
04/12 -7423 6878 545
05/12 -7073 6787 286
05/12 -5331 5323 8
05/12 -4613 4388 225
05/12 -3647 3983 -336
05/12 -3418 3781 -363
06/12 -2848 3287 -439
06/12 -2780 3357 -577
06/12 -2831 2835 -4
06/12 -3322 3326 -4
07/12 -3388 3052 336
07/12 -4325 3719 606
07/12 -3700 3294 406
07/12 -1532 1719 -187
07/12 -1195 1567 -372
08/12 -1184 1697 -513
08/12 -1531 2037 -506
08/12 -3207 3036 171
08/12 -4369 3933 436
09/12 -4288 3645 643
09/12 -6190 5000 1190
09/12 -7687 6018 1669
09/12 -6980 5715 1265
10/12 -5923 4524 1399
10/12 -4767 4219 548
10/12 -4692 3882 810
10/12 -6739 5599 1140
10/12 -4917 4413 504
11/12 -3911 3345 566
11/12 -3963 3509 454
11/12 -6671 5838 833
11/12 -9235 7923 1312
12/12 -9535 8101 1434
12/12 -10970 9235 1735
12/12 -14302 11633 2669
12/12 -14321 11565 2756
12/12 -11949 9948 2001
01/13 -7888 5936 1952
01/13 -5851 3995 1856
01/13 -4955 2967 1988
01/13 -3814 2130 1684
02/13 -4632 2388 2244
02/13 -5843 3874 1969
02/13 -6369 4100 2269
02/13 -6604 4406 2198
03/13 -4836 2960 1876
03/13 -6489 4172 2317
03/13 -7139 4726 2413
03/13 -7934 5551 2383
04/13 -7813 4986 2827
04/13 -9681 6693 2988
04/13 -11201 7875 3326
04/13 -9748 6980 2768
04/13 -10476 7673 2803
05/13 -10304 7481 2823
05/13 -11290 8134 3156
05/13 -11661 8557 3104
05/13 -13018 9781 3237
06/13 -14341 11228 3113
06/13 -14621 11397 3224
06/13 -13928 11158 2770
06/13 -10788 8989 1799
07/13 -7920 6349 1571
07/13 -8448 6845 1603
07/13 -9067 7113 1954
07/13 -10106 7921 2185
07/13 -10761 8417 2344
08/13 -10300 8222 2078
08/13 -8157 6440 1717
08/13 -7223 5505 1718
08/13 -7647 6026 1621
09/13 -7025 5466 1559
09/13 -7189 5460 1729
09/13 -6120 5166 954
09/13 -4059 3013 1046
10/13 -3615 2620 995
10/13 -3370 2513 857
10/13 -2357 1894 463
10/13 -171 29 142
10/13 454 -634 180
11/13 211 -398 187
11/13 -1736 896 840
11/13 -2212 1436 776
11/13 -2939 2119 820
12/13 -3207 2241 966
12/13 -3824 2110 1714
12/13 -4869 2678 2191
12/13 -4391 2617 1774
12/13 -4284 2345 1939
01/14 -4333 2238 2095
01/14 -6001 3427 2574
01/14 -5899 3928 1971
01/14 -5595 3605 1990
02/14 -4979 3078 1901
02/14 -5155 3087 2068
02/14 -4951 3359 1592
02/14 -5119 3428 1691
03/14 -6547 4015 2532
03/14 -8351 5474 2877
03/14 -8127 5453 2674
03/14 -7276 5124 2152
04/14 -7242 4903 2339
04/14 -7566 4970 2596
04/14 -9968 6593 3375
04/14 -10454 7306 3148
04/14 -11793 8855 2938
05/14 -11265 8290 2975
05/14 -10838 8060 2778
05/14 -9373 7215 2158
05/14 -8978 6786 2192
06/14 -9258 7149 2109
06/14 -9770 7462 2308
06/14 -9448 7670 1778
06/14 -8492 7012 1480
07/14 -5848 4487 1361
07/14 -5274 3595 1679
07/14 -4657 3064 1593
07/14 -4740 3164 1576
07/14 -3816 2846 970
08/14 -2143 1565 578
08/14 -1649 1197 452
08/14 -1394 832 562
08/14 -1472 907 565
09/14 -2156 1545 611
09/14 -2350 1749 601
09/14 -1716 1623 93
09/14 -1514 1210 304
09/14 -1301 980 321
10/14 -1197 796 401
10/14 282 104 -386
10/14 946 -799 -147
10/14 165 -655 490
11/14 813 -883 70
11/14 2255 -2395 140
11/14 2140 -2336 196
11/14 -1114 464 650
12/14 -2056 1638 418
12/14 -2043 1796 247
12/14 -2532 2080 452
12/14 -1796 1888 -92
12/14 -1575 1610 -35
01/15 -1880 1408 472
01/15 -1385 1002 383
01/15 -2153 1435 718
01/15 -1944 1520 424
02/15 -417 689 -272
02/15 -492 663 -171
02/15 -252 287 -35
02/15 2216 -1990 -226
03/15 3645 -3418 -227
03/15 5064 -4728 -336
03/15 5756 -5224 -532
03/15 5172 -4994 -178
03/15 3408 -3385 -23
04/15 3745 -3441 -304
04/15 4250 -3844 -406
04/15 4201 -4032 -169
04/15 3946 -4135 189
05/15 3979 -3980 1
05/15 4700 -4436 -264
05/15 5346 -5120 -226
05/15 5161 -5122 -39
06/15 5355 -5378 23
06/15 3678 -4046 368
06/15 2714 -3088 374
06/15 2824 -3306 482
06/15 2787 -2843 56
07/15 2664 -2841 177
07/15 2671 -2974 303
07/15 2910 -3093 183
07/15 2125 -2524 399
08/15 530 -1656 1126
08/15 -1296 158 1138
08/15 -1609 550 1059
08/15 -743 221 522
09/15 -1287 595 692
09/15 -1839 928 911
09/15 -1205 465 740
09/15 -80 -262 342
09/15 2850 -3156 306
10/15 3429 -3817 388
10/15 3667 -4079 412
10/15 656 -1205 549
10/15 -243 -752 995
11/15 -949 -304 1253
11/15 -2997 1158 1839
11/15 -4737 2929 1808
11/15 -5300 3428 1872
12/15 -4895 3354 1541
12/15 -4594 3028 1566
12/15 -4321 2818 1503
12/15 -4768 3418 1350
12/15 -5273 3600 1673
01/16 -4939 3279 1660
01/16 -3049 2006 1043
01/16 -1512 968 544
01/16 -566 98 468
02/16 -796 515 281
02/16 -1170 1016 154
02/16 -1867 1436 431
02/16 -1184 941 243
03/16 -1496 1134 362
03/16 -683 455 228
03/16 -683 470 213
03/16 -1288 1081 207
03/16 -2441 1914 527
04/16 -5737 4708 1029
04/16 -5835 4627 1208
04/16 -5247 4247 1000
04/16 -4069 3212 857
05/16 -3661 2779 882
05/16 -4256 3203 1053
05/16 -5073 3695 1378
05/16 -5831 4565 1266
05/16 -6124 4601 1523
06/16 -8004 6078 1926
06/16 -8293 6420 1873
06/16 -8158 6459 1699
06/16 -8436 7003 1433
07/16 -9010 7190 1820
07/16 -9412 7728 1684
07/16 -9613 7889 1724
07/16 -10367 8568 1799
08/16 -8473 6996 1477
08/16 -7537 6001 1536
08/16 -6928 5590 1338
08/16 -7492 6136 1356
08/16 -8133 6630 1503
09/16 -8973 7637 1336
09/16 -9025 7810 1215
09/16 -9160 7486 1674
09/16 -9285 7778 1507
10/16 -8835 7217 1618
10/16 -8601 7029 1572
10/16 -7343 6280 1063
10/16 -7510 6506 1004
11/16 -8275 7391 884
11/16 -8588 7598 990
11/16 -8483 7627 856
11/16 -8238 7174 1064
11/16 -8469 7111 1358
12/16 -8706 7387 1319
12/16 -7489 6830 659
12/16 -6661 6096 565
12/16 -5938 5678 260
01/17 -6227 5836 391
01/17 -4874 4777 97
01/17 -4161 3765 396
01/17 -2544 2304 240
01/17 -2646 2518 128
02/17 -2201 2135 66
02/17 -2090 1747 343
02/17 -2272 1959 313
02/17 -2066 2015 51
03/17 -2233 2378 -145
03/17 -2895 2835 60
03/17 -4332 3786 546
03/17 -4753 3919 834
04/17 -2707 2018 689
04/17 -2381 1899 482
04/17 -2357 2015 342
04/17 -2202 1927 275
05/17 -2317 2182 135
05/17 -1998 1579 419
05/17 -1792 1413 379
05/17 -852 518 334
05/17 -78 -383 461
06/17 1196 -1372 176
06/17 1415 -1649 234
06/17 1450 -1688 238
06/17 1913 -1949 36
07/17 2213 -2149 -64
07/17 2321 -2184 -137
07/17 3357 -3601 244
07/17 3709 -3974 265
08/17 3514 -3696 182
08/17 3709 -3933 224
08/17 3174 -3578 404
08/17 2400 -3200 800
08/17 2637 -3499 862
09/17 2112 -3258 1146
09/17 -620 -444 1064
09/17 -792 -371 1163
09/17 -399 -486 885
10/17 -199 -662 861
10/17 -652 -767 1419
10/17 -1074 -250 1324
10/17 -916 -256 1172
10/17 -1103 -303 1406
11/17 -1326 -220 1546
11/17 -1958 395 1563
11/17 -2594 1233 1361
11/17 -2830 1497 1333
12/17 -2692 1431 1261
12/17 -1375 349 1026
12/17 -389 -368 757
12/17 1082 -1851 769
01/18 2124 -2975 851
01/18 2488 -2999 511
01/18 3053 -3389 336
01/18 2633 -2784 151
01/18 2272 -2412 140
02/18 2322 -2395 73
02/18 2108 -2065 -43
02/18 1122 -1084 -38
02/18 1534 -1240 -294
03/18 1579 -1490 -89
03/18 1705 -1470 -235
03/18 1644 -1482 -162
03/18 2009 -1684 -325
04/18 2031 -1674 -357
04/18 2003 -1749 -254
04/18 1227 -1727 500
04/18 336 -957 621
05/18 -1464 424 1040
05/18 -3614 1979 1635
05/18 -4862 3293 1569
05/18 -5872 3925 1947
05/18 -6307 4492 1815
06/18 -6158 4534 1624
06/18 -5831 4639 1192
06/18 -5440 4104 1336
06/18 -5297 3888 1409
07/18 -5458 3689 1769
07/18 -5929 4249 1680
07/18 -6701 4796 1905
07/18 -6415 4948 1467
07/18 -6334 4830 1504
08/18 -6170 4816 1354
08/18 -4411 3760 651
08/18 -2505 2002 503
08/18 -1852 1605 247
09/18 -1872 1470 402
09/18 -1938 1274 664
09/18 -463 701 -238
09/18 823 -416 -407
10/18 1110 -1063 -47
10/18 2421 -1825 -596
10/18 2649 -2273 -376
10/18 4443 -4276 -167
10/18 4785 -4766 -19
11/18 4880 -4965 85
11/18 5384 -5511 127
11/18 5661 -6122 461
11/18 5550 -6074 524
12/18 4324 -4882 558
12/18 4555 -4542 -13
12/18 4413 -4392 -21
12/18 5766 -5311 -455
12/18 5926 -5704 -222
01/19 6132 -6198 66
01/19 6620 -6964 344
01/19 6724 -7192 468
01/19 6766 -7731 965
02/19 6599 -7947 1348
02/19 6635 -7967 1332
02/19 6785 -7960 1175
02/19 5869 -7195 1326
03/19 6215 -7262 1047
03/19 5085 -6621 1536
03/19 3089 -4997 1908
03/19 1915 -3419 1504
04/19 1794 -2822 1028
04/19 3003 -3998 995
04/19 3892 -5160 1268
04/19 4712 -5981 1269
04/19 4919 -6224 1305
05/19 5409 -7016 1607
05/19 5189 -6674 1485
05/19 4366 -5879 1513
05/19 4091 -5623 1532
06/19 3562 -5382 1820
06/19 3866 -5212 1346
06/19 3888 -5027 1139
06/19 4181 -5515 1334
07/19 4717 -5975 1258
07/19 4836 -6042 1206
07/19 4894 -6340 1446
07/19 4954 -6348 1394
