02/19 -13847 13838 9
01/19 -13717 13533 184
01/19 -13926 13772 154
01/19 -14904 14820 84
01/19 -14998 14799 199
12/18 -14596 14259 337
12/18 -14106 13706 400
12/18 -14380 13803 577
12/18 -14622 14245 377
12/18 -15306 14971 335
11/18 -14663 14476 187
11/18 -14544 14264 280
11/18 -13385 13380 5
11/18 -13394 13249 145
10/18 -12252 12143 109
10/18 -13280 13251 29
10/18 -11828 11526 302
10/18 -11677 11361 316
10/18 -10459 10112 347
09/18 -9700 9690 10
09/18 -6922 7008 -86
09/18 -6015 6487 -472
09/18 -5245 5963 -718
08/18 -3236 3884 -648
08/18 -210 982 -772
08/18 -1438 2011 -573
08/18 -3030 3542 -512
07/18 -4410 4596 -186
07/18 -3203 3447 -244
07/18 -5292 5353 -61
07/18 -7980 7568 412
07/18 -8910 8871 39
06/18 -8709 8591 118
06/18 -11376 11064 312
06/18 -13908 13362 546
06/18 -11952 11575 377
05/18 -10512 9993 519
05/18 -11469 10715 754
05/18 -11083 10684 399
05/18 -10688 10296 392
05/18 -10992 10765 227
04/18 -11430 10961 469
04/18 -10738 10548 190
04/18 -8349 8160 189
04/18 -10315 10217 98
03/18 -12783 12047 736
03/18 -13120 12341 779
03/18 -13935 13080 855
03/18 -15008 14295 713
02/18 -17805 16983 822
02/18 -17509 16631 878
02/18 -16632 15891 741
02/18 -20236 19527 709
01/18 -24390 23731 659
01/18 -26355 25663 692
01/18 -27426 26786 640
01/18 -28220 27614 606
01/18 -27406 27037 369
12/17 -26226 25498 728
12/17 -25234 24463 771
12/17 -24410 23816 594
12/17 -24013 23582 431
11/17 -24872 24531 341
11/17 -23173 22519 654
11/17 -23104 22463 641
11/17 -23440 22788 652
10/17 -22095 21347 748
10/17 -22308 21615 693
10/17 -23675 23058 617
10/17 -21421 20789 632
10/17 -21104 20518 586
09/17 -21412 20643 769
09/17 -22937 22416 521
09/17 -24129 23306 823
09/17 -25741 24968 773
08/17 -24188 23469 719
08/17 -23910 23273 637
08/17 -22102 21466 636
08/17 -21805 21266 539
08/17 -21436 20735 701
07/17 -19692 19289 403
07/17 -19613 19099 514
07/17 -19046 18654 392
07/17 -20687 20434 253
06/17 -21472 21039 433
06/17 -21940 21746 194
06/17 -22012 21597 415
06/17 -21747 21314 433
05/17 -18465 17916 549
05/17 -18107 17530 577
05/17 -20227 19901 326
05/17 -20935 20609 326
05/17 -21990 21493 497
04/17 -20292 19917 375
04/17 -19829 19375 454
04/17 -21613 20970 643
04/17 -21912 21067 845
03/17 -21282 20532 750
03/17 -18802 18165 637
03/17 -17031 16578 453
03/17 -17667 17036 631
02/17 -17574 16541 1033
02/17 -17592 16691 901
02/17 -17609 16715 894
02/17 -16952 15963 989
01/17 -16755 15773 982
01/17 -18622 17577 1045
01/17 -17401 16393 1008
01/17 -17323 16296 1027
01/17 -15287 14264 1023
12/16 -14954 14186 768
12/16 -15648 15037 611
12/16 -16173 15139 1034
12/16 -16588 15624 964
11/16 -14972 14259 713
11/16 -13217 12367 850
11/16 -9951 9130 821
11/16 -6931 6285 646
11/16 -5547 4969 578
10/16 -8369 7770 599
10/16 -10219 9502 717
10/16 -12933 12439 494
10/16 -15167 14051 1116
09/16 -14775 13627 1148
09/16 -13918 12520 1398
09/16 -13040 12867 173
09/16 -14447 13252 1195
08/16 -14640 13798 842
08/16 -16172 14890 1282
08/16 -16400 15223 1177
08/16 -16526 15766 760
08/16 -16306 15229 1077
07/16 -14565 13455 1110
07/16 -11308 10292 1016
07/16 -8899 8039 860
07/16 -6796 6430 366
06/16 -3983 4116 -133
06/16 -1818 1918 -100
06/16 -2490 2883 -393
06/16 -3643 3963 -320
05/16 -3461 3951 -490
05/16 -3983 4142 -159
05/16 -6345 6344 1
05/16 -6752 6754 -2
05/16 -7677 7195 482
04/16 -6749 6452 297
04/16 -3685 3612 73
04/16 -2794 2889 -95
04/16 -5396 5456 -60
03/16 -7063 6892 171
03/16 -8497 8200 297
03/16 -6333 6298 35
03/16 -5222 5263 -41
03/16 -1828 2257 -429
02/16 -3269 3833 -564
02/16 -5364 5688 -324
02/16 -4970 5184 -214
02/16 -3522 3923 -401
01/16 -3670 4055 -385
01/16 -4550 5078 -528
01/16 -3264 3881 -617
01/16 -6660 6616 44
12/15 -7745 7744 1
12/15 -7691 7723 -32
12/15 -7142 7135 7
12/15 -7753 7679 74
12/15 -6592 6574 18
11/15 -6426 6482 -56
11/15 -8290 8397 -107
11/15 -11059 11077 -18
11/15 -12757 12814 -57
10/15 -13283 13288 -5
10/15 -12490 12445 45
10/15 -12212 12207 5
10/15 -11857 11845 12
09/15 -9080 9351 -271
09/15 -5690 6395 -705
09/15 -4691 5110 -419
09/15 -4893 5421 -528
09/15 -5461 5816 -355
08/15 -3991 4291 -300
08/15 -5928 5971 -43
08/15 -4567 4736 -169
08/15 -4206 4599 -393
07/15 -5292 5592 -300
07/15 -5754 6046 -292
07/15 -6766 7012 -246
07/15 -6823 7347 -524
06/15 -8101 8744 -643
06/15 -9108 9872 -764
06/15 -12119 12311 -192
06/15 -13977 14270 -293
06/15 -16655 16819 -164
05/15 -17811 17783 28
05/15 -17482 17242 240
05/15 -18207 17986 221
05/15 -18930 18621 309
04/15 -18123 18053 70
04/15 -17498 17431 67
04/15 -17132 17069 63
04/15 -16157 16064 93
03/15 -15449 15766 -317
03/15 -18907 18312 595
03/15 -19881 19173 708
03/15 -22831 21637 1194
03/15 -22705 21222 1483
02/15 -20204 19263 941
02/15 -19579 18692 887
02/15 -18770 18056 714
02/15 -19683 18900 783
01/15 -20149 19520 629
01/15 -21099 20259 840
01/15 -22557 21190 1367
01/15 -22333 21080 1253
12/14 -22384 21129 1255
12/14 -22018 20928 1090
12/14 -20770 19746 1024
12/14 -22055 20715 1340
12/14 -21814 20765 1049
11/14 -22515 21232 1283
11/14 -20940 19757 1183
11/14 -22457 21276 1181
11/14 -22774 21472 1302
10/14 -21908 20584 1324
10/14 -22120 20641 1479
10/14 -23593 21959 1634
10/14 -23338 21953 1385
09/14 -22724 20922 1802
09/14 -24135 22185 1950
09/14 -31602 29505 2097
09/14 -32356 30090 2266
09/14 -31050 28582 2468
08/14 -30587 28182 2405
08/14 -30314 27991 2323
08/14 -25635 23360 2275
08/14 -25956 23807 2149
07/14 -28181 26073 2108
07/14 -27738 25414 2324
07/14 -26966 24745 2221
07/14 -26619 24098 2521
07/14 -26134 23373 2761
06/14 -25333 22781 2552
06/14 -23965 21488 2477
06/14 -25117 23023 2094
06/14 -25635 23709 1926
05/14 -25543 23588 1955
05/14 -23794 21821 1973
05/14 -23996 21972 2024
05/14 -24775 22646 2129
04/14 -25389 23219 2170
04/14 -24624 22590 2034
04/14 -24935 22579 2356
04/14 -24036 21850 2186
04/14 -24666 22297 2369
03/14 -25042 22599 2443
03/14 -25358 23310 2048
03/14 -25203 23308 1895
03/14 -23430 21883 1547
02/14 -19535 17930 1605
02/14 -18525 17328 1197
02/14 -17958 16936 1022
02/14 -18112 17413 699
01/14 -20878 19705 1173
01/14 -23446 21996 1450
01/14 -21661 20360 1301
01/14 -20329 19271 1058
12/13 -17900 16958 942
12/13 -18151 17185 966
12/13 -21380 20455 925
12/13 -22928 21788 1140
12/13 -22557 21807 750
11/13 -23105 22225 880
11/13 -25377 24327 1050
11/13 -28824 27661 1163
11/13 -27326 26221 1105
10/13 -27402 26222 1180
10/13 -26551 25399 1152
10/13 -23424 23000 424
10/13 -23892 23493 399
10/13 -24729 24117 612
09/13 -23974 23467 507
09/13 -22446 21923 523
09/13 -22803 22035 768
09/13 -24581 23423 1158
08/13 -27354 25824 1530
08/13 -27587 25925 1662
08/13 -26852 25448 1404
08/13 -26022 24951 1071
07/13 -24750 23822 928
07/13 -24206 23158 1048
07/13 -22281 21672 609
07/13 -20665 20372 293
07/13 -19437 19127 310
06/13 -20083 19536 547
06/13 -24173 22740 1433
06/13 -25124 23468 1656
06/13 -24023 22486 1537
05/13 -22997 21582 1415
05/13 -22665 21381 1284
05/13 -21781 20727 1054
05/13 -19965 19299 666
04/13 -20153 19450 703
04/13 -20221 19711 510
04/13 -22416 21279 1137
04/13 -26890 25018 1872
04/13 -29682 27970 1712
03/13 -27770 26033 1737
03/13 -28751 26660 2091
03/13 -29296 27171 2125
03/13 -26580 24874 1706
02/13 -27069 25104 1965
02/13 -28855 26200 2655
02/13 -28394 25884 2510
02/13 -27110 24805 2305
01/13 -26072 23629 2443
01/13 -22497 20087 2410
01/13 -20116 18127 1989
01/13 -18651 17154 1497
12/12 -21383 19542 1841
12/12 -19072 17300 1772
12/12 -19023 17685 1338
12/12 -18408 16682 1726
12/12 -17102 15646 1456
11/12 -14336 13104 1232
11/12 -11407 11278 129
11/12 -10298 9886 412
11/12 -9608 9357 251
10/12 -9394 8758 636
10/12 -11273 10356 917
10/12 -12995 11842 1153
10/12 -13599 12189 1410
10/12 -13372 11779 1593
09/12 -13508 11918 1590
09/12 -11751 10094 1657
09/12 -9907 8682 1225
09/12 -9320 8391 929
08/12 -8533 7803 730
08/12 -6246 6343 -97
08/12 -4454 4691 -237
08/12 -4720 4859 -139
07/12 -4191 4411 -220
07/12 -3669 4216 -547
07/12 -4506 4835 -329
07/12 -4111 4546 -435
07/12 -4369 4583 -214
06/12 -4138 4462 -324
06/12 -5828 5773 55
06/12 -4980 5057 -77
06/12 -3286 3450 -164
05/12 -2710 2743 -33
05/12 -2384 2581 -197
05/12 -2650 2919 -269
05/12 -5175 5053 122
05/12 -7684 6778 906
04/12 -6321 5745 576
04/12 -5314 4963 351
04/12 -5297 5157 140
04/12 -7132 6596 536
03/12 -9111 8141 970
03/12 -12017 10757 1260
03/12 -12272 10952 1320
03/12 -11097 9800 1297
02/12 -13205 11475 1730
02/12 -12426 10763 1663
02/12 -11835 10597 1238
02/12 -12029 10544 1485
01/12 -9558 8695 863
01/12 -8231 7671 560
01/12 -5503 5189 314
01/12 -4618 4502 116
01/12 -5339 5184 155
12/11 -5857 5910 -53
12/11 -5786 5816 -30
12/11 -5998 6016 -18
12/11 -6052 6369 -317
11/11 -5234 5675 -441
11/11 -5851 6154 -303
11/11 -7683 7476 207
11/11 -7279 7105 174
11/11 -6605 6777 -172
10/11 -6433 6642 -209
10/11 -6693 7162 -469
10/11 -6739 6953 -214
10/11 -5787 6194 -407
09/11 -6775 6976 -201
09/11 -10510 9996 514
09/11 -11538 10567 971
09/11 -14092 12637 1455
08/11 -13595 12296 1299
08/11 -14206 12798 1408
08/11 -14365 13044 1321
08/11 -13630 12121 1509
08/11 -18872 16888 1984
07/11 -18258 16213 2045
07/11 -16150 14237 1913
07/11 -14984 13399 1585
07/11 -13555 12075 1480
06/11 -12513 11094 1419
06/11 -13837 12288 1549
06/11 -15280 13730 1550
06/11 -14496 13569 927
05/11 -11545 10367 1178
05/11 -9767 8590 1177
05/11 -9189 8308 881
05/11 -10345 9314 1031
05/11 -13462 11797 1665
04/11 -12980 11353 1627
04/11 -12511 10927 1584
04/11 -14499 12533 1966
04/11 -13671 11910 1761
03/11 -11794 10397 1397
03/11 -12406 10946 1460
03/11 -12346 11183 1163
03/11 -16506 14622 1884
03/11 -17172 15121 2051
02/11 -17663 15493 2170
02/11 -17483 15220 2263
02/11 -17505 15331 2174
02/11 -16411 14490 1921
01/11 -15779 13887 1892
01/11 -16377 14493 1884
01/11 -16045 13999 2046
01/11 -16562 14423 2139
12/10 -17334 14984 2350
12/10 -16674 14432 2242
12/10 -16689 14530 2159
12/10 -16045 13759 2286
11/10 -15968 13848 2120
11/10 -16084 13830 2254
11/10 -16929 14781 2148
11/10 -19574 16850 2724
11/10 -18846 16389 2457
10/10 -18380 16134 2246
10/10 -17583 15283 2300
10/10 -17510 15166 2344
10/10 -17706 15359 2347
09/10 -17776 15590 2186
09/10 -16445 14236 2209
09/10 -16133 14329 1804
09/10 -15876 14107 1769
08/10 -14743 13263 1480
08/10 -13437 11667 1770
08/10 -14202 12452 1750
08/10 -14187 12345 1842
08/10 -15883 14238 1645
07/10 -14613 13329 1284
07/10 -13426 12218 1208
07/10 -13973 12715 1258
07/10 -13271 11952 1319
06/10 -13847 12467 1380
06/10 -15369 13846 1523
06/10 -15187 13860 1327
06/10 -14450 13197 1253
06/10 -14400 13272 1128
05/10 -13965 12308 1657
05/10 -16726 14457 2269
05/10 -18326 16185 2141
05/10 -16850 14401 2449
04/10 -16983 14417 2566
04/10 -16097 13611 2486
04/10 -16364 13780 2584
04/10 -16111 13282 2829
03/10 -15221 12503 2718
03/10 -15969 13604 2365
03/10 -16075 13361 2714
03/10 -15123 12596 2527
03/10 -14589 12337 2252
02/10 -15252 13133 2119
02/10 -15044 13074 1970
02/10 -14247 12306 1941
02/10 -14584 12328 2256
01/10 -14340 12036 2304
01/10 -14838 12299 2539
01/10 -15447 12820 2627
01/10 -16407 14118 2289
12/09 -16128 13986 2142
12/09 -16365 14342 2023
12/09 -16187 13854 2333
12/09 -15727 13521 2206
12/09 -15921 13630 2291
11/09 -15778 13258 2520
11/09 -15845 13367 2478
11/09 -14992 12684 2308
11/09 -14761 12536 2225
10/09 -15386 12904 2482
10/09 -14649 12169 2480
10/09 -14242 11727 2515
10/09 -13746 11357 2389
09/09 -12728 10555 2173
09/09 -15530 13164 2366
09/09 -14605 12474 2131
09/09 -14510 12473 2037
09/09 -13918 12110 1808
08/09 -14131 12188 1943
08/09 -12990 11230 1760
08/09 -13321 11053 2268
08/09 -13456 11259 2197
07/09 -12070 10283 1787
07/09 -10722 9140 1582
07/09 -8939 7948 991
07/09 -10035 8676 1359
06/09 -10519 8927 1592
06/09 -9591 8085 1506
06/09 -10296 8430 1866
06/09 -10316 8353 1963
06/09 -10009 8050 1959
05/09 -8553 6778 1775
05/09 -8698 6874 1824
05/09 -8573 6825 1748
05/09 -7084 5877 1207
04/09 -7348 5859 1489
04/09 -8028 6165 1863
04/09 -8646 6826 1820
04/09 -7423 5768 1655
03/09 -7122 5736 1386
03/09 -5834 4799 1035
03/09 -5054 4411 643
03/09 -5275 4417 858
03/09 -5154 4242 912
02/09 -6133 5067 1066
02/09 -6991 5713 1278
02/09 -7069 5764 1305
02/09 -6186 5132 1054
01/09 -6053 5095 958
01/09 -5775 4860 915
01/09 -6181 5224 957
01/09 -6073 4968 1105
12/08 -5789 4962 827
12/08 -6018 5403 615
12/08 -6073 5407 666
12/08 -5948 5371 577
12/08 -6475 5805 670
11/08 -6905 5960 945
11/08 -6959 5996 963
11/08 -6732 5753 979
11/08 -6700 5490 1210
10/08 -6771 5931 840
10/08 -7024 6167 857
10/08 -7884 6795 1089
10/08 -7019 5780 1239
09/08 -7240 6173 1067
09/08 -6954 5945 1009
09/08 -5909 5177 732
09/08 -4048 3075 973
09/08 -5000 4249 751
08/08 -4389 3283 1106
08/08 -4153 3334 819
08/08 -4336 3520 816
08/08 -4697 3709 988
07/08 -5348 4238 1110
07/08 -6787 5633 1154
07/08 -9717 7929 1788
07/08 -9336 7397 1939
07/08 -10062 7822 2240
06/08 -9460 7401 2059
06/08 -9622 7781 1841
06/08 -8612 7194 1418
06/08 -9268 7503 1765
05/08 -9884 7830 2054
05/08 -10042 8077 1965
05/08 -10357 8534 1823
05/08 -10236 8525 1711
04/08 -9989 7928 2061
04/08 -10946 8858 2088
04/08 -10984 8629 2355
04/08 -10709 8488 2221
04/08 -11630 9539 2091
03/08 -12553 10319 2234
03/08 -12460 9734 2726
03/08 -12851 9982 2869
03/08 -12987 9690 3297
02/08 -13600 10187 3413
02/08 -13636 10307 3329
02/08 -13347 9956 3391
02/08 -13561 10912 2649
01/08 -14303 12037 2266
01/08 -12308 10530 1778
01/08 -12335 10344 1991
01/08 -11821 9934 1887
12/07 -9858 8254 1604
12/07 -8504 7172 1332
12/07 -8560 7265 1295
12/07 -8093 6887 1206
12/07 -8380 7166 1214
11/07 -8702 7263 1439
11/07 -10237 8330 1907
11/07 -10560 8432 2128
11/07 -10156 8051 2105
10/07 -9329 7435 1894
10/07 -9985 8213 1772
10/07 -9620 7848 1772
10/07 -8726 7227 1499
10/07 -8057 6484 1573
09/07 -7612 6268 1344
09/07 -6834 5857 977
09/07 -7771 6752 1019
09/07 -8428 7507 921
08/07 -8738 7731 1007
08/07 -9453 8215 1238
08/07 -11676 10024 1652
08/07 -13242 11304 1938
07/07 -13444 11401 2043
07/07 -14199 11878 2321
07/07 -13747 11502 2245
07/07 -13427 11219 2208
07/07 -13149 10951 2198
06/07 -13767 11610 2157
06/07 -12676 10239 2437
06/07 -12804 10436 2368
06/07 -12724 10215 2509
05/07 -12332 10025 2307
05/07 -12431 10190 2241
05/07 -13076 10665 2411
05/07 -14357 11873 2484
05/07 -14118 11476 2642
04/07 -13526 10821 2705
04/07 -12342 9771 2571
04/07 -10001 7512 2489
04/07 -9246 6958 2288
03/07 -8923 6650 2273
03/07 -8809 6787 2022
03/07 -8972 7020 1952
03/07 -8777 6790 1987
02/07 -8890 6647 2243
02/07 -8292 5785 2507
02/07 -8821 6264 2557
02/07 -9128 6611 2517
01/07 -8932 6510 2422
01/07 -7657 5420 2237
01/07 -6021 3710 2311
01/07 -5640 3494 2146
01/07 -4920 2898 2022
12/06 -3883 1861 2022
12/06 -3882 1904 1978
12/06 -4172 2087 2085
12/06 -4160 2102 2058
11/06 -4365 2491 1874
11/06 -4484 2947 1537
11/06 -5543 3544 1999
11/06 -5671 3675 1996
10/06 -5024 3284 1740
10/06 -4718 3123 1595
10/06 -4151 2790 1361
10/06 -4078 2819 1259
10/06 -4293 2988 1305
09/06 -4303 2966 1337
09/06 -4144 2730 1414
09/06 -5254 3632 1622
09/06 -6525 4550 1975
08/06 -6830 4950 1880
08/06 -7175 5202 1973
08/06 -6725 4850 1875
08/06 -6154 4248 1906
08/06 -7019 5194 1825
07/06 -7725 5973 1752
07/06 -7761 5974 1787
07/06 -7301 5424 1877
07/06 -6716 4901 1815
06/06 -6570 4845 1725
06/06 -6994 5362 1632
06/06 -7749 5595 2154
06/06 -9081 6718 2363
05/06 -9892 7357 2535
05/06 -9340 6705 2635
05/06 -10833 7739 3094
05/06 -10813 7922 2891
05/06 -11177 8318 2859
04/06 -10479 7560 2919
04/06 -11508 8407 3101
04/06 -11741 8760 2981
04/06 -11454 8686 2768
03/06 -10821 8150 2671
03/06 -9617 6989 2628
03/06 -9234 6411 2823
03/06 -9989 6734 3255
02/06 -9728 6521 3207
02/06 -9676 6385 3291
02/06 -9823 6423 3400
02/06 -10474 6715 3759
01/06 -9959 6431 3528
01/06 -8465 5290 3175
01/06 -8647 5253 3394
01/06 -8206 5027 3179
01/06 -8780 5553 3227
12/05 -8847 5909 2938
12/05 -8736 5781 2955
12/05 -8200 5423 2777
12/05 -9802 7027 2775
11/05 -9228 6688 2540
11/05 -9285 6429 2856
11/05 -8714 6328 2386
11/05 -9338 7150 2188
11/05 -8979 6930 2049
10/05 -9304 7135 2169
10/05 -8733 6610 2123
10/05 -8136 5662 2474
10/05 -7345 5016 2329
09/05 -7104 4916 2188
09/05 -6050 3925 2125
09/05 -3258 1636 1622
09/05 -3324 1694 1630
08/05 -4095 2479 1616
08/05 -4890 3055 1835
08/05 -5621 3535 2086
08/05 -6552 4444 2108
08/05 -6823 4607 2216
07/05 -6369 4282 2087
07/05 -4511 2949 1562
07/05 -4537 2993 1544
07/05 -4278 2858 1420
06/05 -4864 2896 1968
06/05 -5129 2988 2141
06/05 -4845 2805 2040
06/05 -5241 3415 1826
05/05 -5015 3608 1407
05/05 -6445 4472 1973
05/05 -6688 4827 1861
05/05 -7062 5028 2034
05/05 -7872 5813 2059
04/05 -8561 6064 2497
04/05 -8937 6507 2430
04/05 -9363 7013 2350
04/05 -9291 7007 2284
03/05 -8980 6723 2257
03/05 -9959 7442 2517
03/05 -9742 7161 2581
03/05 -8843 6483 2360
03/05 -7141 5432 1709
02/05 -7424 5520 1904
02/05 -7265 5548 1717
02/05 -6785 5189 1596
02/05 -7080 5471 1609
01/05 -7152 5593 1559
01/05 -7114 5461 1653
01/05 -6686 4918 1768
01/05 -6168 4598 1570
12/04 -6318 4713 1605
12/04 -6386 4751 1635
12/04 -6486 5151 1335
12/04 -6856 4638 2218
11/04 -7755 5250 2505
11/04 -8124 5324 2800
11/04 -7389 4686 2703
11/04 -6805 4154 2651
11/04 -6579 4136 2443
10/04 -7427 4774 2653
10/04 -7185 4648 2537
10/04 -7474 4714 2760
10/04 -6212 3810 2402
09/04 -5623 3501 2122
09/04 -4751 2915 1836
09/04 -4844 2946 1898
09/04 -5017 3034 1983
08/04 -5263 3106 2157
08/04 -5428 3158 2270
08/04 -5033 3031 2002
08/04 -4980 2983 1997
08/04 -4966 3007 1959
07/04 -4945 2926 2019
07/04 -5172 3049 2123
07/04 -4896 2884 2012
07/04 -4797 2899 1898
06/04 -4927 3071 1856
06/04 -5033 3130 1903
06/04 -5333 3419 1914
06/04 -5464 3456 2008
06/04 -4928 2852 2076
05/04 -4592 2386 2206
05/04 -4822 2730 2092
05/04 -4881 2634 2247
05/04 -5737 3454 2283
04/04 -6652 4090 2562
04/04 -8786 5788 2998
04/04 -9865 6133 3732
04/04 -9726 6017 3709
03/04 -9031 5588 3443
03/04 -8427 5049 3378
03/04 -8945 5690 3255
03/04 -9435 6063 3372
03/04 -8806 5685 3121
02/04 -9192 6055 3137
02/04 -9429 5997 3432
02/04 -8810 5759 3051
02/04 -8155 5215 2940
01/04 -8373 5134 3239
01/04 -6784 4323 2461
01/04 -6355 3988 2367
01/04 -5324 3421 1903
12/03 -5120 3342 1778
12/03 -4910 3230 1680
12/03 -4540 3036 1504
12/03 -4026 2583 1443
12/03 -3274 2130 1144
11/03 -3544 2357 1187
11/03 -3558 2365 1193
11/03 -3435 2272 1163
11/03 -3279 2176 1103
10/03 -3099 2046 1053
10/03 -3008 1920 1088
10/03 -3848 1859 1989
10/03 -3473 1541 1932
09/03 -3205 1269 1936
09/03 -3962 2088 1874
09/03 -3751 1972 1779
09/03 -3262 1310 1952
09/03 -2787 1175 1612
08/03 -2377 1150 1227
08/03 -1710 1169 541
08/03 -1486 955 531
08/03 -1119 795 324
07/03 -973 804 169
07/03 -900 791 109
07/03 -1072 750 322
07/03 -1157 776 381
07/03 -975 741 234
06/03 -944 732 212
06/03 -910 679 231
06/03 -858 574 284
06/03 -808 517 291
05/03 -693 480 213
05/03 -590 383 207
05/03 -424 294 130
05/03 -503 345 158
04/03 -535 461 74
04/03 -366 373 -7
04/03 -280 377 -97
04/03 -158 299 -141
04/03 122 198 -320
03/03 169 121 -290
03/03 105 93 -198
03/03 51 52 -103
03/03 80 84 -164
02/03 105 -6 -99
02/03 26 2 -28
02/03 46 -11 -35
02/03 -18 64 -46
01/03 81 -68 -13
01/03 385 -81 -304
01/03 361 -43 -318
01/03 652 -203 -449
12/02 698 -244 -454
12/02 704 -241 -463
12/02 749 -185 -564
12/02 787 -100 -687
12/02 714 26 -740
11/02 669 30 -699
11/02 827 37 -864
11/02 878 -19 -859
11/02 848 -527 -321
10/02 794 -513 -281
10/02 714 -521 -193
10/02 737 -570 -167
10/02 816 -575 -241
10/02 740 -534 -206
08/02 828 -445 -383
08/02 1529 -804 -725
08/02 1594 -811 -783
08/02 1635 -828 -807
07/02 1393 -704 -689
07/02 1443 -692 -751
07/02 1396 -669 -727
07/02 1416 -681 -735
07/02 1429 -635 -794
06/02 1343 -517 -826
06/02 1215 -454 -761
06/02 707 -371 -336
06/02 723 -367 -356
05/02 662 -373 -289
05/02 366 -212 -154
05/02 802 -393 -409
05/02 771 -350 -421
04/02 513 -251 -262
04/02 391 -146 -245
04/02 433 -199 -234
04/02 366 -134 -232
07/01 321 -56 -265
07/01 361 -88 -273
01/01 68 0 -68
01/01 0 57 -57
01/01 -90 94 -4
01/01 68 -55 -13
01/01 -16 -54 70
12/00 -2 -66 68
12/00 2 -43 41
12/00 -45 19 26
12/00 -150 86 64
11/00 -67 55 12
11/00 -1 63 -62
11/00 -46 61 -15
11/00 30 56 -86
10/00 -69 81 -12
10/00 146 -1 -145
08/00 108 -99 -9
07/00 159 -127 -32
07/00 55 -117 62
07/00 92 -104 12
07/00 155 -122 -33
06/00 110 -157 47
06/00 84 -224 140
06/00 100 -230 130
06/00 272 -256 -16
05/00 357 -343 -14
05/00 426 -379 -47
05/00 615 -493 -122
05/00 552 -511 -41
05/00 508 -414 -94
04/00 514 -397 -117
04/00 489 -376 -113
04/00 446 -330 -116
04/00 430 -322 -108
03/00 458 -318 -140
03/00 370 -262 -108
03/00 302 -227 -75
03/00 269 -179 -90
02/00 80 -141 61
02/00 -58 -106 164
02/00 -551 231 320
02/00 -693 359 334
02/00 -1300 935 365
01/00 -1316 889 427
01/00 -1312 974 338
01/00 -1282 860 422
01/00 -1244 735 509
12/99 -1300 774 526
12/99 -1151 685 466
12/99 -1173 718 455
12/99 -917 623 294
11/99 -1071 706 365
11/99 -1028 630 398
11/99 -1204 872 332
11/99 -1212 777 435
11/99 -1112 679 433
10/99 -1158 693 465
10/99 -997 514 483
10/99 -937 498 439
10/99 -968 520 448
09/99 -1001 504 497
09/99 -938 522 416
09/99 -983 523 460
09/99 -728 323 405
08/99 -53 101 -48
08/99 -109 170 -61
08/99 210 -146 -64
08/99 159 -133 -26
08/99 338 -332 -6
07/99 303 -253 -50
07/99 281 -339 58
07/99 477 -478 1
07/99 887 -271 -616
06/99 812 -671 -141
06/99 850 -755 -95
06/99 674 -718 44
06/99 672 -578 -94
06/99 724 -602 -122
05/99 874 -624 -250
05/99 831 -643 -188
05/99 767 -579 -188
05/99 640 -490 -150
04/99 144 -277 133
04/99 -178 -1 179
04/99 -278 -1 279
04/99 -302 -42 344
03/99 -514 87 427
03/99 -502 29 473
03/99 -231 -168 399
03/99 -621 241 380
03/99 -567 322 245
02/99 -500 213 287
02/99 -600 196 404
02/99 -597 199 398
02/99 -463 182 281
01/99 -418 173 245
01/99 -468 213 255
01/99 -496 223 273
01/99 -397 43 354
12/98 -390 3 387
12/98 -351 8 343
12/98 80 -337 257
12/98 693 -636 -57
12/98 121 -301 180
11/98 -91 -45 136
11/98 910 -798 -112
11/98 1152 -856 -296
11/98 959 -768 -191
10/98 1012 -777 -235
10/98 795 -698 -97
10/98 645 -424 -221
10/98 460 -352 -108
09/98 156 -100 -56
09/98 272 -248 -24
09/98 317 -310 -7
09/98 776 -605 -171
09/98 1063 -872 -191
08/98 675 -657 -18
08/98 768 -673 -95
08/98 278 -385 107
08/98 328 -437 109
07/98 275 -468 193
07/98 506 -673 167
07/98 896 -944 48
07/98 818 -909 91
06/98 1075 -1149 74
06/98 1082 -1137 55
06/98 1149 -1358 209
06/98 1180 -1307 127
06/98 1247 -1097 -150
05/98 385 -352 -33
05/98 -6 -61 67
05/98 -108 231 -123
05/98 -274 355 -81
04/98 -366 288 78
04/98 -219 139 80
04/98 -141 -97 238
04/98 -248 -37 285
03/98 -451 73 378
03/98 -582 392 190
03/98 -588 320 268
03/98 -738 510 228
03/98 -120 -90 210
02/98 -784 690 94
02/98 -1220 1434 -214
02/98 -946 1397 -451
02/98 -902 1315 -413
01/98 -912 1255 -343
01/98 -1254 1181 73
01/98 -1045 814 231
01/98 282 -208 -74
12/97 461 -274 -187
12/97 526 -330 -196
12/97 372 -120 -252
12/97 -1733 1349 384
12/97 -1480 1270 210
11/97 -1318 1247 71
11/97 -1375 1237 138
11/97 -1408 1272 136
11/97 -1507 1362 145
10/97 -1448 1283 165
10/97 -1676 1573 103
10/97 -1838 1500 338
10/97 -1128 902 226
09/97 -995 796 199
09/97 -787 527 260
09/97 -951 650 301
09/97 -717 638 79
09/97 -387 582 -195
08/97 -898 973 -75
08/97 -960 1122 -162
08/97 -1725 1519 206
08/97 -1856 1524 332
07/97 -1976 1681 295
07/97 -412 290 122
07/97 -389 207 182
07/97 -2391 1846 545
07/97 -2874 2199 675
06/97 -2812 1987 825
06/97 -3531 2616 915
06/97 -3386 2418 968
06/97 -3507 2722 785
05/97 -4968 4176 792
05/97 -4946 4125 821
05/97 -4749 3656 1093
05/97 -4067 3051 1016
04/97 -3959 3042 917
04/97 -3776 2810 966
04/97 -3600 2767 833
04/97 -3756 2802 954
04/97 -4020 3139 881
03/97 -3608 2763 845
03/97 -4176 3267 909
03/97 -6327 4927 1400
03/97 -5248 4060 1188
02/97 -4716 3440 1276
02/97 -4798 3479 1319
02/97 -4728 3517 1211
02/97 -3789 2542 1247
01/97 -2845 1658 1187
01/97 -2747 1545 1202
01/97 -2713 1512 1201
01/97 -1975 1154 821
12/96 -1430 786 644
12/96 -653 237 416
12/96 -697 347 350
12/96 -227 -253 480
12/96 550 -806 256
11/96 80 -482 402
11/96 -947 436 511
11/96 -8 -419 427
11/96 362 -641 279
10/96 621 -947 326
10/96 657 -1013 356
10/96 832 -1122 290
10/96 663 -1004 341
10/96 814 -1088 274
09/96 695 -978 283
09/96 444 -753 309
09/96 187 -501 314
09/96 275 -574 299
08/96 172 -516 344
08/96 -126 -154 280
08/96 -1112 748 364
08/96 -886 514 372
07/96 -1341 1084 257
07/96 -2287 1600 687
07/96 -2159 1394 765
07/96 -1719 1338 381
07/96 -1782 1375 407
06/96 -224 154 70
06/96 236 -352 116
06/96 430 -478 48
06/96 341 -486 145
05/96 280 -569 289
05/96 338 -522 184
05/96 -455 92 363
05/96 -434 102 332
04/96 -240 -180 420
04/96 -1419 691 728
04/96 -2331 1699 632
04/96 -2732 1695 1037
04/96 -2705 1916 789
03/96 -2701 1858 843
03/96 -2205 1437 768
03/96 -2087 1392 695
03/96 -1823 1238 585
02/96 -3075 2327 748
02/96 -3100 1923 1177
02/96 -2281 1274 1007
02/96 -2059 1191 868
01/96 -80 -343 423
01/96 -239 -225 464
01/96 -41 -290 331
01/96 52 -336 284
01/96 153 -429 276
12/95 217 -662 445
12/95 181 -576 395
12/95 -193 -67 260
12/95 629 -899 270
11/95 52 -620 568
11/95 -16 -657 673
11/95 -79 -658 737
11/95 225 -754 529
10/95 449 -865 416
10/95 627 -1028 401
10/95 464 -789 325
10/95 303 -704 401
10/95 188 -590 402
09/95 198 -542 344
09/95 -160 -158 318
09/95 243 -452 209
09/95 432 -587 155
08/95 140 -494 354
08/95 114 -417 303
08/95 210 -397 187
08/95 115 -474 359
08/95 193 -491 298
07/95 221 -569 348
07/95 -170 -179 349
07/95 -604 144 460
07/95 -868 548 320
06/95 -788 322 466
06/95 -988 363 625
06/95 -901 256 645
06/95 -926 432 494
05/95 -2241 1624 617
05/95 -2005 1498 507
05/95 -2201 1689 512
05/95 -2212 1490 722
05/95 -2310 1617 693
04/95 -2741 2041 700
04/95 -3828 2818 1010
04/95 -3861 2944 917
04/95 -4035 3117 918
03/95 -3827 2897 930
03/95 -3675 2554 1121
03/95 -1295 690 605
03/95 -1014 661 353
02/95 -1964 1811 153
02/95 -3047 2494 553
02/95 -3583 2734 849
02/95 -3780 2954 826
01/95 -4000 2979 1021
01/95 -4037 3067 970
01/95 -3680 2866 814
01/95 -3546 2839 707
01/95 -3957 2932 1025
12/94 -3490 2677 813
12/94 -3311 2516 795
12/94 -3169 2513 656
12/94 -2864 2457 407
11/94 -3123 2543 580
11/94 -3123 2594 529
11/94 -3599 2767 832
11/94 -3977 3200 777
11/94 -4029 3110 919
10/94 -3176 2578 598
10/94 -3023 2346 677
10/94 -2909 2295 614
10/94 -2982 2320 662
09/94 -3162 2409 753
09/94 -3033 2301 732
09/94 -2374 2488 -114
09/94 -4023 3140 883
08/94 -3843 2979 864
08/94 -4185 3324 861
08/94 -4565 3687 878
08/94 -4620 3733 887
08/94 -4625 3789 836
07/94 -4665 3561 1104
07/94 -4311 3224 1087
07/94 -4257 3201 1056
07/94 -3940 2945 995
06/94 -3251 2492 759
06/94 -3279 2474 805
06/94 -3040 2256 784
06/94 -2757 2076 681
05/94 -2963 2259 704
05/94 -3540 2555 985
05/94 -3321 2384 937
05/94 -3232 2452 780
05/94 -3621 2703 918
04/94 -2600 1974 626
04/94 -2662 1911 751
04/94 -2971 2203 768
04/94 -3304 2438 866
03/94 -3379 2353 1026
03/94 -3356 2244 1112
03/94 -3336 2228 1108
03/94 -3117 2069 1048
03/94 -3597 2448 1149
02/94 -3426 2367 1059
02/94 -3406 2291 1115
02/94 -2663 1523 1140
02/94 -1745 902 843
01/94 -1390 631 759
01/94 -1432 575 857
01/94 -1292 522 770
01/94 -1746 632 1114
12/93 -1940 865 1075
12/93 -2017 903 1114
12/93 -2070 955 1115
12/93 -1950 951 999
11/93 -1706 783 923
11/93 -2276 1392 884
11/93 -2366 1497 869
11/93 -2281 1518 763
11/93 -2150 1528 622
10/93 -2347 1544 803
10/93 -2478 1675 803
10/93 -2548 1662 886
10/93 -1482 770 712
09/93 -1747 1053 694
09/93 -1585 1020 565
09/93 -1553 1079 474
09/93 -1820 1211 609
08/93 -1801 1172 629
08/93 -3063 2239 824
08/93 -3198 2244 954
08/93 -3176 2259 917
08/93 -3455 2409 1046
07/93 -2923 1973 950
07/93 -3011 1974 1037
07/93 -2897 1825 1072
07/93 -2942 1742 1200
06/93 -2458 1561 897
06/93 -2427 1490 937
06/93 -2297 1313 984
06/93 -2302 1480 822
06/93 -2588 1468 1120
05/93 -2279 1437 842
05/93 -2260 1288 972
05/93 -2149 1241 908
05/93 -2618 1760 858
04/93 -2925 1835 1090
04/93 -2593 1469 1124
04/93 -2414 1201 1213
04/93 -2430 1240 1190
03/93 -2560 1133 1427
03/93 -1674 431 1243
03/93 -1516 411 1105
03/93 -1567 445 1122
03/93 -1459 500 959
02/93 -1338 577 761
02/93 -1699 466 1233
02/93 -1663 490 1173
02/93 -1436 616 820
01/93 -1423 571 852
01/93 -1039 242 797
01/93 -1232 326 906
01/93 -1138 227 911
12/92 -1335 533 802
12/92 -1461 727 734
12/92 -1671 892 779
12/92 -1596 946 650
12/92 -1192 625 567
11/92 -1350 570 780
11/92 -1286 562 724
11/92 -1203 577 626
11/92 -922 349 573
10/92 -932 318 614
10/92 -871 320 551
10/92 -1202 615 587
10/92 -1246 615 631
09/92 -1366 624 742
09/92 -1313 732 581
08/92 -686 277 409
08/92 -1139 553 586
07/92 -1496 814 682
07/92 -1372 643 729
06/92 -1189 432 757
06/92 -1238 519 719
05/92 -1327 708 619
05/92 -1268 671 597
04/92 -1302 722 580
04/92 -1592 865 727
03/92 -1645 947 698
03/92 -1482 922 560
02/92 -1294 749 545
02/92 -1611 790 821
01/92 -1661 829 832
01/92 -1456 647 809
12/91 -1343 601 742
12/91 -1455 597 858
11/91 -1576 559 1017
11/91 -1600 658 942
10/91 -1765 601 1164
10/91 -1937 739 1198
09/91 -1988 904 1084
09/91 -1935 847 1088
08/91 -1818 871 947
08/91 -1805 818 987
07/91 -1667 681 986
07/91 -1913 727 1186
06/91 -1999 778 1221
06/91 -2009 811 1198
05/91 -1868 822 1046
05/91 -1998 751 1247
04/91 -2208 790 1418
04/91 -2181 810 1371
03/91 -1826 715 1111
03/91 -1837 691 1146
02/91 -1806 691 1115
02/91 -1680 675 1005
01/91 -1512 706 806
01/91 -1581 746 835
12/90 -1545 758 787
12/90 -1417 804 613
11/90 -1366 717 649
11/90 -1814 938 876
10/90 -1978 1003 975
10/90 -1899 1035 864
09/90 -2089 1029 1060
09/90 -2201 1180 1021
08/90 -2686 1658 1028
08/90 -2878 1639 1239
07/90 -2847 1610 1237
07/90 -2818 1516 1302
06/90 -2916 1676 1240
06/90 -2734 1658 1076
05/90 -2614 1493 1121
05/90 -2702 1608 1094
04/90 -2528 1427 1101
04/90 -2870 1615 1255
03/90 -2917 1644 1273
03/90 -2924 1650 1274
02/90 -2865 1665 1200
02/90 -3514 1822 1692
01/90 -3433 1911 1522
01/90 -3472 1862 1610
12/89 -3404 1932 1472
12/89 -3910 2353 1557
11/89 -4140 2293 1847
11/89 -3759 1812 1947
10/89 -3430 1657 1773
10/89 -3608 1531 2077
09/89 -3809 1807 2002
09/89 -3939 1516 2423
08/89 -3014 1161 1853
08/89 -3235 1194 2041
07/89 -3500 1328 2172
07/89 -3973 1784 2189
06/89 -4454 1947 2507
06/89 -4590 2097 2493
05/89 -4130 1785 2345
05/89 -4183 2012 2171
04/89 -4738 1852 2886
04/89 -5761 2267 3494
03/89 -3947 1354 2593
03/89 -3575 1700 1875
02/89 -3666 1870 1796
02/89 -3819 1988 1831
01/89 -3720 1723 1997
01/89 -3553 1583 1970
12/88 -3694 1645 2049
12/88 -3688 2011 1677
11/88 -3455 2000 1455
11/88 -3727 1861 1866
10/88 -3263 1478 1785
10/88 -3502 1540 1962
09/88 -3259 1355 1904
09/88 -3494 1421 2073
08/88 -3306 1344 1962
08/88 -3404 1489 1915
07/88 -3211 1368 1843
07/88 -3729 1551 2178
06/88 -3451 1403 2048
06/88 -4304 2151 2153
05/88 -3649 1850 1799
05/88 -2966 1343 1623
04/88 -2698 1274 1424
04/88 -2634 1157 1477
03/88 -3120 1303 1817
03/88 -2560 1300 1260
02/88 -2278 1320 958
02/88 -2504 1240 1264
01/88 -2556 1138 1418
01/88 -3389 1938 1451
12/87 -3246 1479 1767
12/87 -3046 1304 1742
11/87 -3053 1129 1924
11/87 -2701 880 1821
10/87 -2859 719 2140
10/87 -4712 1730 2982
09/87 -4418 1627 2791
09/87 -5804 1837 3967
08/87 -4785 1854 2931
08/87 -4885 1758 3127
07/87 -4182 1675 2507
07/87 -4301 1379 2922
06/87 -3561 954 2607
06/87 -3738 1081 2657
05/87 -4198 788 3410
05/87 -4105 1059 3046
04/87 -3852 1235 2617
04/87 -4371 1554 2817
03/87 -3903 1393 2510
03/87 -2996 1172 1824
02/87 -3315 1258 2057
02/87 -3479 1551 1928
01/87 -3860 1741 2119
01/87 -3923 1619 2304
12/86 -3364 1285 2079
12/86 -3199 1255 1944
11/86 -2650 1170 1480
11/86 -3273 1463 1810
10/86 -3450 1533 1917
10/86 -3532 1938 1594
09/86 -3437 1788 1649
09/86 -3598 1733 1865
08/86 -3419 1453 1966
08/86 -3557 1692 1865
07/86 -3188 1381 1807
07/86 -2739 1258 1481
06/86 -2482 1416 1066
06/86 -3238 1388 1850
05/86 -2304 963 1341
05/86 -2560 833 1727
04/86 -2782 993 1789
04/86 -2764 831 1933
03/86 -3521 1262 2259
03/86 -3416 1438 1978
02/86 -3344 1512 1832
02/86 -2672 981 1691
01/86 -3721 1561 2160
01/86 -3848 1452 2396
02/19 -13881 13962 -81
02/19 -13847 13838 9
01/19 -13717 13533 184
01/19 -13926 13772 154
01/19 -14904 14820 84
01/19 -14998 14799 199
02/19 -13881 13962 -81
02/19 -13847 13838 9
01/19 -13717 13533 184
01/19 -13926 13772 154
01/19 -14904 14820 84
01/19 -14998 14799 199
02/19 -13881 13962 -81
02/19 -13847 13838 9
01/19 -13717 13533 184
01/19 -13926 13772 154
01/19 -14904 14820 84
01/19 -14998 14799 199
02/19 -13881 13962 -81
02/19 -13847 13838 9
01/19 -13717 13533 184
01/19 -13926 13772 154
01/19 -14904 14820 84
01/19 -14998 14799 199
02/19 -13881 13962 -81
02/19 -13847 13838 9
01/19 -13717 13533 184
01/19 -13926 13772 154
01/19 -14904 14820 84
01/19 -14998 14799 199
