02/19 32003 6892 -38895
01/19 29898 8572 -38470
01/19 49493 -11837 -37656
01/19 39592 -4107 -35485
01/19 25128 10774 -35902
12/18 37425 -2094 -35331
12/18 30752 4110 -34862
12/18 18910 14531 -33441
12/18 30558 5931 -36489
12/18 22179 8951 -31130
11/18 72003 -39846 -32157
11/18 73478 -42347 -31131
11/18 76986 -41958 -35028
11/18 68197 -34013 -34184
10/18 98621 -64215 -34406
10/18 67953 -31539 -36414
10/18 62978 -29774 -33204
10/18 71183 -41294 -29889
10/18 69311 -39027 -30284
09/18 82866 -54861 -28005
09/18 99087 -69526 -29561
09/18 96525 -66552 -29973
09/18 86599 -55657 -30942
08/18 73013 -40565 -32448
08/18 48053 -17804 -30249
08/18 62366 -35761 -26605
08/18 44016 -18678 -25338
07/18 33024 -14083 -18941
07/18 34505 -10814 -23691
07/18 25186 1150 -26336
07/18 22577 5147 -27724
07/18 34663 -4729 -29934
06/18 28998 1285 -30283
06/18 -22692 58179 -35487
06/18 -49748 91656 -41908
06/18 -78736 126949 -48213
05/18 -97560 150233 -52673
05/18 -93936 143470 -49534
05/18 -103362 155648 -52286
05/18 -116968 172647 -55679
05/18 -147384 203160 -55776
04/18 -129747 193022 -63275
04/18 -157680 224357 -66677
04/18 -145836 210265 -64429
04/18 -140694 210461 -69767
03/18 -122494 192800 -70306
03/18 -130168 197820 -67652
03/18 -137472 201382 -63910
03/18 -132450 194877 -62427
02/18 -100575 155357 -54782
02/18 -50023 106866 -56843
02/18 1026 51163 -52189
02/18 42036 1893 -43929
01/18 59188 -12799 -46389
01/18 105646 -67090 -38556
01/18 111976 -78648 -33328
01/18 97040 -65433 -31607
01/18 77954 -44754 -33200
09/18 -4619 7094 -2475
09/18 -4746 6355 -1609
09/18 -5466 6192 -726
08/18 -6015 6571 -556
08/18 -6258 6736 -478
08/18 -6332 6522 -190
08/18 -6930 6251 679
07/18 -6940 6108 832
07/18 -7724 7186 538
07/18 -7015 6898 117
07/18 -6927 6902 25
07/18 -6878 7040 -162
06/18 -6747 9273 -2526
06/18 -7473 11438 -3965
06/18 -7865 12135 -4270
06/18 -8167 12583 -4416
05/18 -7909 12211 -4302
05/18 -7238 11236 -3998
05/18 -7186 11340 -4154
05/18 -7201 11508 -4307
05/18 -7150 11415 -4265
04/18 -8182 16450 -8268
04/18 -8620 17313 -8693
04/18 -8218 24387 -16169
04/18 -7489 23067 -15578
03/18 -6483 20506 -14023
03/18 -5973 20092 -14119
03/18 -5741 19407 -13666
03/18 -4912 18089 -13177
12/17 59953 -23331 -36622
12/17 29127 10282 -39409
12/17 -14955 55245 -40290
12/17 -54772 92585 -37813
11/17 -25518 62873 -37355
11/17 -19452 52243 -32791
11/17 -14696 51887 -37191
11/17 -37475 70814 -33339
10/17 -31638 67872 -36234
10/17 -19533 56493 -36960
10/17 -42145 81884 -39739
10/17 -12328 44243 -31915
10/17 -5040 38134 -33094
09/17 -69 34028 -33959
09/17 14987 20124 -35111
09/17 32292 3592 -35884
09/17 32300 -2044 -30256
08/17 49981 -14707 -35274
08/17 17567 18038 -35605
08/17 3456 33285 -36741
08/17 -4280 41412 -37132
08/17 -17700 54705 -37005
07/17 -21381 58785 -37404
07/17 -5519 40831 -35312
07/17 18153 18000 -36153
07/17 91780 -59429 -32351
06/17 134427 -94540 -39887
06/17 93845 -50490 -43355
06/17 89810 -45956 -43854
06/17 111296 -66882 -44414
05/17 117192 -63347 -53845
05/17 101585 -47931 -53654
05/17 86606 -28823 -57783
05/17 85212 -29887 -55325
05/17 93386 -39783 -53603
04/17 99348 -43737 -55611
04/17 73859 -12673 -61186
04/17 64173 54 -64227
04/17 42924 22157 -65081
03/17 17496 51665 -69161
03/17 -2412 70957 -68545
03/17 -35723 105478 -69755
03/17 -73182 143379 -70197
02/17 -80865 148192 -67327
02/17 -98320 166769 -68449
02/17 -109161 176321 -67160
02/17 -92951 160533 -67582
01/17 -99547 168449 -68902
01/17 -115016 181011 -65995
01/17 -88367 154765 -66398
01/17 -58200 119102 -60902
01/17 -64507 125830 -61323
09/17 -3773 4749 -976
09/17 -3934 3543 391
09/17 -4205 3511 694
08/17 -4152 3382 770
08/17 -4047 3405 642
08/17 -4041 3201 840
08/17 -4595 3185 1410
08/17 -4952 3262 1690
07/17 -4920 4080 840
07/17 -4684 3365 1319
07/17 -4840 2720 2120
05/17 -2218 2037 181
04/17 -2226 1814 412
03/17 -2150 1764 386
03/17 -2174 6702 -4528
03/17 -1969 6668 -4699
12/16 -70268 133733 -63465
12/16 -75255 136574 -61319
12/16 -90649 151994 -61345
12/16 -94909 155435 -60526
11/16 -105877 164173 -58296
11/16 -87846 140245 -52399
11/16 -71065 119340 -48275
11/16 -106996 152671 -45675
11/16 -92904 139637 -46733
10/16 -81547 124977 -43430
10/16 -100702 139773 -39071
10/16 -78998 118835 -39837
10/16 -67706 104940 -37234
09/16 -55583 98470 -42887
09/16 -88431 125216 -36785
09/16 -76748 118952 -42204
09/16 -89446 132088 -42642
08/16 -103541 146546 -43005
08/16 -142699 179379 -36680
08/16 -123125 156920 -33795
08/16 -131534 170047 -38513
08/16 -127908 164701 -36793
07/16 -145037 181471 -36434
07/16 -165305 202146 -36841
07/16 -175425 216106 -40681
07/16 -181461 228234 -46773
06/16 -208645 252074 -43429
06/16 -203179 242483 -39304
06/16 -207364 247108 -39744
06/16 -199581 242177 -42596
05/16 -184197 233689 -49492
05/16 -175935 224577 -48642
05/16 -175007 226002 -50995
05/16 -173051 229516 -56465
05/16 -139578 193524 -53946
04/16 -127119 181080 -53961
04/16 -87734 132711 -44977
04/16 -41572 83197 -41625
04/16 -25342 61060 -35718
03/16 -40546 68858 -28312
03/16 -23657 45265 -21608
03/16 4991 13461 -18452
03/16 55798 -42292 -13506
03/16 83858 -77991 -5867
02/16 44877 -29377 -15500
02/16 66813 -55581 -11232
02/16 84218 -70539 -13679
02/16 51668 -40527 -11141
01/16 53445 -40504 -12941
01/16 49786 -39094 -10692
01/16 74932 -65498 -9434
01/16 94477 -78915 -15562
12/16 -1034 6607 -5573
11/16 -576 8461 -7885
10/16 -2628 9512 -6884
10/16 -4206 7988 -3782
10/16 -4714 8161 -3447
09/16 -8307 7193 1114
09/16 -9362 6388 2974
09/16 -10801 5621 5180
09/16 -10972 5422 5550
08/16 -10933 5525 5408
08/16 -11127 7310 3817
08/16 -11002 6302 4700
08/16 -11088 6384 4704
08/16 -10968 5615 5353
07/16 -10779 4908 5871
07/16 -10431 5188 5243
07/16 -10345 5367 4978
07/16 -10270 5175 5095
06/16 -9969 4394 5575
06/16 -9777 4681 5096
06/16 -9646 8480 1166
06/16 -9137 9093 44
05/16 -7976 7663 313
05/16 -7720 6558 1162
05/16 -7560 5917 1643
05/16 -6413 14677 -8264
05/16 -4618 11218 -6600
04/16 -3632 9424 -5792
12/15 70853 -60283 -10570
12/15 40778 -34481 -6297
12/15 34322 -26187 -8135
12/15 20775 -10780 -9995
12/15 34398 -26208 -8190
11/15 43688 -36059 -7629
11/15 36900 -27086 -9814
11/15 40501 -28945 -11556
11/15 8764 1243 -10007
10/15 -10868 23803 -12935
10/15 -44152 64140 -19988
10/15 -43651 63133 -19482
10/15 -23094 43688 -20594
09/15 -15907 39917 -24010
09/15 8761 17552 -26313
09/15 -1915 27057 -25142
09/15 -6356 34825 -28469
09/15 1070 30716 -31786
08/15 -11599 46911 -35312
08/15 -39247 67576 -28329
08/15 -77707 104383 -26676
08/15 -53690 87803 -34113
07/15 -56684 91971 -35287
07/15 -84404 113921 -29517
07/15 -76714 107046 -30332
07/15 -61587 98593 -37006
06/15 -40877 80116 -39239
06/15 19419 30218 -49637
06/15 76671 -19912 -56759
06/15 96617 -38081 -58536
06/15 111551 -48829 -62722
05/15 120457 -54954 -65503
05/15 110973 -45851 -65122
05/15 74444 -7424 -67020
05/15 68675 -943 -67732
04/15 67586 -3884 -63702
04/15 72871 -10748 -62123
04/15 97842 -37215 -60627
04/15 72592 -11038 -61554
03/15 79607 -14286 -65321
03/15 75254 -8576 -66678
03/15 82074 -10525 -71549
03/15 80729 -8393 -72336
03/15 70819 4711 -75530
02/15 78092 -13066 -65026
02/15 95499 -28605 -66894
02/15 112534 -41113 -71421
02/15 99374 -26242 -73132
01/15 114358 -33483 -80875
01/15 88394 -7740 -80654
01/15 66629 13146 -79775
01/15 44544 32409 -76953
08/15 -4340 11309 -6969
08/15 -4436 11308 -6872
07/15 -4564 13152 -8588
07/15 -4565 12942 -8377
12/14 46470 30225 -76695
12/14 50524 19963 -70487
12/14 51202 22276 -73478
12/14 52114 22502 -74616
12/14 79774 1430 -81204
11/14 60134 19242 -79376
11/14 58982 19699 -78681
11/14 55286 25115 -80401
11/14 72710 13292 -86002
10/14 87175 -737 -86438
10/14 85976 6647 -92623
10/14 100875 -7088 -93787
10/14 112105 -16171 -95934
09/14 125708 -24366 -101342
09/14 130404 -31120 -99284
09/14 124466 -31642 -92824
09/14 106130 -22680 -83450
09/14 96540 -13720 -82820
08/14 91303 -9712 -81591
08/14 77067 750 -77817
08/14 72211 2835 -75046
08/14 78366 -6404 -71962
07/14 77481 -3755 -73726
07/14 79927 -5652 -74275
07/14 73728 -118 -73610
07/14 63094 4478 -67572
07/14 46162 17121 -63283
06/14 24805 37404 -62209
06/14 16418 48438 -64856
06/14 -23169 81082 -57913
06/14 -44851 102289 -57438
05/14 -71697 124058 -52361
05/14 -67417 116898 -49481
05/14 -76677 126780 -50103
05/14 -82416 130420 -48004
04/14 -112329 158859 -46530
04/14 -97315 139763 -42448
04/14 -126030 166501 -40471
04/14 -124431 163648 -39217
04/14 -139845 181519 -41674
03/14 -135384 176363 -40979
03/14 -146657 187912 -41255
03/14 -154526 195557 -41031
03/14 -164842 210364 -45522
02/14 -168209 211816 -43607
02/14 -158952 199331 -40379
02/14 -147948 189763 -41815
02/14 -123363 165359 -41996
01/14 -112998 152950 -39952
01/14 -122327 158010 -35683
01/14 -119675 153700 -34025
01/14 -105010 142263 -37253
10/14 -4005 18303 -14298
09/14 -5229 17854 -12625
09/14 -5699 17473 -11774
09/14 -5634 17422 -11788
09/14 -5311 17045 -11734
09/14 -5577 16818 -11241
08/14 -5513 16754 -11241
08/14 -5402 16134 -10732
08/14 -5359 16384 -11025
08/14 -5313 15926 -10613
07/14 -5264 16121 -10857
07/14 -5242 15946 -10704
07/14 -5397 15245 -9848
07/14 -5320 14923 -9603
07/14 -5231 14150 -8919
06/14 -5024 15429 -10405
06/14 -4737 15273 -10536
06/14 -4893 14893 -10000
06/14 -4851 14549 -9698
05/14 -4895 14052 -9157
05/14 -4259 12240 -7981
12/13 -132358 165789 -33431
12/13 -144934 175774 -30840
12/13 -145089 176981 -31892
12/13 -144004 173374 -29370
12/13 -129451 159546 -30095
11/13 -128789 154794 -26005
11/13 -114518 143162 -28644
11/13 -109016 129964 -20948
11/13 -86299 111738 -25439
10/13 -104918 129969 -25051
10/13 -116220 139105 -22885
10/13 -108885 136145 -27260
10/13 -107172 129303 -22131
10/13 -112840 131254 -18414
09/13 -126214 145306 -19092
09/13 -140448 159910 -19462
09/13 -134816 152815 -17999
09/13 -148068 165762 -17694
08/13 -122304 139813 -17509
08/13 -80076 105395 -25319
08/13 -25801 60892 -35091
08/13 -16836 56687 -39851
07/13 -46808 80196 -33388
07/13 -80892 104044 -23152
07/13 -93912 111788 -17876
07/13 -79583 104371 -24788
07/13 -80362 103980 -23618
06/13 -87292 109924 -22632
06/13 -76376 101515 -25139
06/13 -95053 122209 -27156
06/13 -85554 109604 -24050
05/13 -72333 93034 -20701
05/13 -67888 82897 -15009
05/13 -58122 71635 -13513
05/13 -47962 61957 -13995
04/13 -69806 79072 -9266
04/13 -64435 77567 -13132
04/13 -65899 81546 -15647
04/13 -54720 70764 -16044
04/13 -83412 96163 -12751
03/13 -105282 110625 -5343
03/13 -99549 110242 -10693
03/13 -128399 133574 -5175
03/13 -118549 123158 -4609
02/13 -118064 128255 -10191
02/13 -107375 111708 -4333
02/13 -121753 125085 -3332
02/13 -114675 113471 1204
01/13 -91341 92418 -1077
01/13 -88166 89549 -1383
01/13 -77670 79363 -1693
01/13 -75999 80880 -4881
09/13 -3605 8911 -5306
09/13 -3636 8336 -4700
12/12 -108451 109228 -777
12/12 -110645 114613 -3968
12/12 -135613 137463 -1850
12/12 -127886 131471 -3585
12/12 -115653 122819 -7166
11/12 -117057 122189 -5132
11/12 -126369 132695 -6326
11/12 -141408 148788 -7380
11/12 -171991 177277 -5286
10/12 -172941 182669 -9728
10/12 -192784 204624 -11840
10/12 -186646 204151 -17505
10/12 -196768 207835 -11067
10/12 -199423 213487 -14064
09/12 -206376 217686 -11310
09/12 -206882 217037 -10155
09/12 -229604 229815 -211
09/12 -233765 232645 1120
08/12 -227917 224380 3537
08/12 -248441 249104 -663
08/12 -225519 230298 -4779
08/12 -231027 232277 -1250
07/12 -243526 243126 400
07/12 -252365 255959 -3594
07/12 -260845 259612 1233
07/12 -253748 257822 -4074
07/12 -250413 260433 -10020
06/12 -226969 237482 -10513
06/12 -217271 233641 -16370
06/12 -212614 233926 -21312
06/12 -186346 213696 -27350
05/12 -207522 236310 -28788
05/12 -215171 244887 -29716
05/12 -211263 242822 -31559
05/12 -216014 249923 -33909
05/12 -226818 258743 -31925
04/12 -215259 249342 -34083
04/12 -198224 233405 -35181
04/12 -196209 231181 -34972
04/12 -199155 235857 -36702
03/12 -181740 212427 -30687
03/12 -167002 200011 -33009
03/12 -141648 172756 -31108
03/12 -126897 160509 -33612
02/12 -94842 126557 -31715
02/12 -71777 107029 -35252
02/12 -55948 91599 -35651
02/12 -42160 73662 -31502
01/12 -18996 55388 -36392
01/12 -18677 52242 -33565
01/12 -10788 43152 -32364
01/12 -20068 48650 -28582
01/12 -11900 39411 -27511
04/12 -3026 11930 -8904
04/12 -2700 14102 -11402
04/12 -3344 14814 -11470
03/12 -3084 13549 -10465
03/12 -2921 13322 -10401
03/12 -2322 12419 -10097
02/12 -1460 9373 -7913
02/12 -1291 7565 -6274
01/12 -1722 7519 -5797
01/12 -2088 7889 -5801
01/12 -2086 7174 -5088
01/12 -2028 8109 -6081
12/11 -574 29009 -28435
12/11 6204 23905 -30109
12/11 14685 19909 -34594
12/11 27839 8586 -36425
11/11 24414 11063 -35477
11/11 28178 11400 -39578
11/11 10238 24560 -34798
11/11 -12894 45391 -32497
11/11 -21315 52699 -31384
10/11 -31098 64319 -33221
10/11 -75560 110594 -35034
10/11 -65027 102360 -37333
10/11 -72834 110571 -37737
09/11 -88024 120157 -32133
09/11 -133659 151915 -18256
09/11 -174262 182560 -8298
09/11 -193048 199241 -6193
08/11 -191724 197684 -5960
08/11 -134196 146768 -12572
08/11 -86005 108173 -22168
08/11 -69597 95195 -25598
08/11 -103106 118778 -15672
07/11 -120304 135675 -15371
07/11 -117491 133312 -15821
07/11 -69616 93898 -24282
07/11 -47513 80469 -32956
06/11 -48480 81944 -33464
06/11 -73101 104072 -30971
06/11 -91457 119811 -28354
06/11 -112280 134181 -21901
05/11 -100113 124869 -24756
05/11 -89886 120151 -30265
05/11 -77971 111723 -33752
05/11 -82210 114352 -32142
05/11 -100740 127916 -27176
04/11 -104509 132724 -28215
04/11 -107150 137798 -30648
04/11 -119648 151479 -31831
04/11 -142779 166733 -23954
03/11 -135727 165562 -29835
03/11 -138198 170353 -32155
03/11 -128082 164934 -36852
03/11 -148871 178533 -29662
03/11 -136125 164840 -28715
02/11 -143663 175942 -32279
02/11 -177574 206790 -29216
02/11 -202008 224747 -22739
02/11 -194664 218809 -24145
01/11 -186699 213196 -26497
01/11 -203260 225588 -22328
01/11 -192389 218777 -26388
01/11 -192117 218416 -26299
12/11 -1748 5608 -3860
10/11 -3576 12343 -8767
10/11 -4189 13281 -9092
09/11 -4013 14006 -9993
09/11 -4049 15367 -11318
09/11 -4311 17202 -12891
09/11 -6239 19459 -13220
08/11 -6406 19135 -12729
08/11 -5891 17902 -12011
08/11 -5718 18045 -12327
08/11 -5763 17983 -12220
08/11 -5726 18211 -12485
07/11 -5510 18500 -12990
07/11 -5501 18685 -13184
07/11 -5008 17988 -12980
07/11 -4952 17232 -12280
06/11 -5254 18065 -12811
06/11 -6445 19930 -13485
06/11 -6542 20420 -13878
06/11 -6452 20713 -14261
05/11 -6635 20345 -13710
05/11 -6504 19847 -13343
05/11 -6401 19628 -13227
05/11 -6347 19545 -13198
05/11 -6328 19589 -13261
04/11 -6074 19689 -13615
04/11 -5658 19007 -13349
04/11 -5784 20048 -14264
04/11 -5568 20076 -14508
03/11 -5782 19932 -14150
03/11 -5685 19656 -13971
03/11 -5418 19020 -13602
03/11 -5347 19108 -13761
03/11 -5212 18926 -13714
02/11 -5207 19035 -13828
02/11 -5187 19697 -14510
02/11 -5103 20161 -15058
02/11 -5417 20395 -14978
01/11 -5519 19548 -14029
01/11 -5708 20349 -14641
01/11 -5038 18883 -13845
01/11 -4550 17380 -12830
12/10 -203215 228273 -25058
12/10 -186802 216029 -29227
12/10 -183110 211599 -28489
12/10 -179802 208529 -28727
11/10 -172362 203255 -30893
11/10 -166778 199278 -32500
11/10 -160029 194654 -34625
11/10 -177843 204912 -27069
11/10 -179666 206823 -27157
10/10 -172202 201843 -29641
10/10 -162586 197151 -34565
10/10 -145835 172954 -27119
10/10 -140340 167295 -26955
09/10 -156977 180199 -23222
09/10 -139825 163087 -23262
09/10 -120122 146406 -26284
09/10 -114799 142447 -27648
08/10 -108158 140040 -31882
08/10 -106870 139374 -32504
08/10 -107102 135794 -28692
08/10 -95893 128074 -32181
08/10 -77790 111655 -33865
07/10 -52233 90151 -37918
07/10 -59222 95495 -36273
07/10 -26129 63536 -37407
07/10 29118 13023 -42141
06/10 23187 24451 -47638
06/10 -886 43921 -43035
06/10 15273 31360 -46633
06/10 34246 17467 -51713
06/10 29589 23067 -52656
05/10 30031 24706 -54737
05/10 22753 33219 -55972
05/10 7469 47325 -54794
05/10 -14288 66948 -52660
04/10 -17216 68099 -50883
04/10 -6869 56292 -49423
04/10 29498 29228 -58726
04/10 49094 8221 -57315
03/10 23787 30643 -54430
03/10 27264 27476 -54740
03/10 56797 -3433 -53364
03/10 52592 2286 -54878
03/10 37437 12140 -49577
02/10 32084 14792 -46876
02/10 31548 19603 -51151
02/10 47801 5152 -52953
02/10 24820 29270 -54090
01/10 11849 39096 -50945
01/10 -2899 50140 -47241
01/10 -16685 62359 -45674
01/10 -47090 87809 -40719
12/10 -4371 18357 -13986
12/10 -3664 16552 -12888
12/10 -3350 15957 -12607
12/10 -4110 16658 -12548
11/10 -3861 16399 -12538
11/10 -4090 16730 -12640
11/10 -4065 18219 -14154
11/10 -3884 18490 -14606
11/10 -2584 15821 -13237
10/10 -2945 16211 -13266
10/10 -3879 18396 -14517
10/10 -6453 21992 -15539
10/10 -6749 21592 -14843
09/10 -7113 22501 -15388
09/10 -6803 21600 -14797
09/10 -5983 21989 -16006
09/10 -5883 22328 -16445
08/10 -5539 21772 -16233
08/10 -5808 21944 -16136
08/10 -5777 21832 -16055
08/10 -5409 21412 -16003
08/10 -5253 18887 -13634
07/10 -4212 16823 -12611
07/10 -4193 16890 -12697
07/10 -4003 14878 -10875
07/10 -3846 12960 -9114
06/10 -3813 13136 -9323
06/10 -4003 14170 -10167
06/10 -3569 13641 -10072
06/10 -3432 13236 -9804
06/10 -3408 12823 -9415
05/10 -3360 13904 -10544
05/10 -3354 14478 -11124
05/10 -3398 14520 -11122
05/10 -3213 14553 -11340
04/10 -3111 14964 -11853
04/10 -2872 14646 -11774
04/10 -2604 12826 -10222
04/10 -2134 12206 -10072
03/10 -2090 12277 -10187
03/10 -1952 12259 -10307
03/10 -1768 10688 -8920
03/10 -1717 10182 -8465
02/10 -1635 9979 -8344
02/10 -1754 10856 -9102
02/10 -1698 10711 -9013
02/10 -1553 11330 -9777
01/10 -1530 10780 -9250
01/10 -1544 10517 -8973
01/10 -1491 10468 -8977
12/09 -37107 75650 -38543
12/09 -49672 91119 -41447
12/09 -81497 119467 -37970
12/09 -83399 116917 -33518
12/09 -88183 116292 -28109
11/09 -79935 111410 -31475
11/09 -61328 91111 -29783
11/09 -47646 77474 -29828
11/09 -66116 91472 -25356
10/09 -50614 74465 -23851
10/09 -48147 70132 -21985
10/09 -34747 60763 -26016
10/09 3422 30878 -34300
09/09 5390 32695 -38085
09/09 4298 32384 -36682
09/09 -14459 47475 -33016
09/09 -12821 46036 -33215
09/09 -26493 57516 -31023
08/09 -37090 67491 -30401
08/09 -42641 73460 -30819
08/09 -61557 90747 -29190
08/09 -51116 81548 -30432
07/09 -31287 67684 -36397
07/09 -45611 83161 -37550
07/09 -52578 86085 -33507
07/09 -75596 104553 -28957
06/09 -86298 116459 -30161
06/09 -94262 121317 -27055
06/09 -99711 124160 -24449
06/09 -112075 128420 -16345
06/09 -108629 125410 -16781
05/09 -106566 125467 -18901
05/09 -99798 119430 -19632
05/09 -95810 116815 -21005
05/09 -88492 110473 -21981
04/09 -70706 93729 -23023
04/09 -64346 90325 -25979
04/09 -54429 77003 -22574
04/09 -41749 65651 -23902
03/09 -14535 40336 -25801
03/09 -11117 33997 -22880
03/09 4042 16705 -20747
03/09 13439 8803 -22242
03/09 16898 7611 -24509
02/09 6120 14928 -21048
02/09 -10696 33280 -22584
02/09 -19532 41788 -22256
02/09 -12100 36990 -24890
01/09 -18979 40403 -21424
01/09 -13058 33314 -20256
01/09 -15902 36646 -20744
01/09 -13137 29017 -15880
12/09 -1300 10054 -8754
12/09 -2154 11226 -9072
12/09 -2037 13159 -11122
12/09 -2216 13769 -11553
11/09 -1913 11425 -9512
11/09 -1601 9847 -8246
11/09 -971 8101 -7130
10/09 -3301 12413 -9112
10/09 -4328 14373 -10045
10/09 -3964 15280 -11316
09/09 -3478 15883 -12405
09/09 -3559 16991 -13432
09/09 -3864 17694 -13830
09/09 -3935 17392 -13457
09/09 -3707 18322 -14615
08/09 -4172 19327 -15155
08/09 -4117 18784 -14667
08/09 -4138 18486 -14348
08/09 -3794 17157 -13363
07/09 -3266 15071 -11805
07/09 -3296 14930 -11634
07/09 -3207 15193 -11986
07/09 -3169 15315 -12146
06/09 -3225 15090 -11865
06/09 -2852 15722 -12870
06/09 -2964 15329 -12365
06/09 -2859 14833 -11974
06/09 -2888 15601 -12713
05/09 -3217 15825 -12608
05/09 -2102 13201 -11099
05/09 -1379 13066 -11687
05/09 -1475 12676 -11201
04/09 -1287 9278 -7991
04/09 -1743 10226 -8483
04/09 -1745 11183 -9438
03/09 -1612 8871 -7259
03/09 -1490 8179 -6689
03/09 -1094 5732 -4638
02/09 -1195 7132 -5937
01/09 -1305 7666 -6361
01/09 -1214 7012 -5798
01/09 -1130 5826 -4696
12/08 -8862 26177 -17315
12/08 -6189 21826 -15637
12/08 -5032 20958 -15926
12/08 -1312 20888 -19576
12/08 -3620 21334 -17714
11/08 -8276 26372 -18096
11/08 -5996 24587 -18591
11/08 -3039 23244 -20205
11/08 -10554 28838 -18284
10/08 2275 20797 -23072
10/08 251 23943 -24194
10/08 -11501 40337 -28836
10/08 -16974 50747 -33773
09/08 -16952 48948 -31996
09/08 -22854 53576 -30722
09/08 -20175 50726 -30551
09/08 -22024 53935 -31911
09/08 -38358 68065 -29707
08/08 -38215 65923 -27708
08/08 -43012 73851 -30839
08/08 -43835 76933 -33098
08/08 -52070 85471 -33401
07/08 -59663 86699 -27036
07/08 -74385 104162 -29777
07/08 -90114 115835 -25721
07/08 -90631 116298 -25667
07/08 -102215 124442 -22227
06/08 -90830 120038 -29208
06/08 -99408 127706 -28298
06/08 -99684 126603 -26919
06/08 -84531 121402 -36871
05/08 -80976 114726 -33750
05/08 -82699 116761 -34062
05/08 -80976 112187 -31211
05/08 -73862 107853 -33991
04/08 -72820 108515 -35695
04/08 -90323 126338 -36015
04/08 -84106 119796 -35690
04/08 -81743 116122 -34379
04/08 -68430 104763 -36333
03/08 -79866 114759 -34893
03/08 -87235 115793 -28558
03/08 -86841 115796 -28955
03/08 -98128 126981 -28853
02/08 -114866 145257 -30391
02/08 -118511 152746 -34235
02/08 -113953 152362 -38409
02/08 -117301 154193 -36892
01/08 -108117 147989 -39872
01/08 -108790 145130 -36340
01/08 -118847 148033 -29186
01/08 -116591 145143 -28552
12/08 -778 4553 -3775
10/08 -1020 6834 -5814
10/08 -1486 9852 -8366
10/08 -2801 11870 -9069
09/08 -2986 12005 -9019
09/08 -3034 12374 -9340
09/08 -3130 13113 -9983
09/08 -3227 13080 -9853
09/08 -3381 13780 -10399
08/08 -3362 13561 -10199
08/08 -3329 13997 -10668
08/08 -3304 13850 -10546
08/08 -3271 14583 -11312
07/08 -3139 14915 -11776
07/08 -3169 15007 -11838
07/08 -3125 14690 -11565
07/08 -3053 15428 -12375
07/08 -3050 15030 -11980
06/08 -3676 15172 -11496
06/08 -3693 15726 -12033
06/08 -3785 16847 -13062
06/08 -3611 16453 -12842
05/08 -3620 16364 -12744
05/08 -3587 16093 -12506
05/08 -3677 16248 -12571
05/08 -3410 15965 -12555
04/08 -3260 16433 -13173
04/08 -3942 17202 -13260
04/08 -3736 15924 -12188
04/08 -3743 16321 -12578
04/08 -4468 17412 -12944
03/08 -4302 16378 -12076
03/08 -3860 16754 -12894
03/08 -3573 16862 -13289
03/08 -3318 17313 -13995
02/08 -2869 16762 -13893
02/08 -2777 17123 -14346
02/08 -2711 16856 -14145
02/08 -2831 15841 -13010
01/08 -2783 15612 -12829
01/08 -3105 16514 -13409
01/08 -2981 15699 -12718
01/08 -1987 14124 -12137
12/07 -115938 148615 -32677
12/07 -116891 149756 -32865
12/07 -108214 145122 -36908
12/07 -115533 155278 -39745
12/07 -102914 143591 -40677
11/07 -102209 140093 -37884
11/07 -109024 152906 -43882
11/07 -110357 149087 -38730
11/07 -109923 145685 -35762
10/07 -99083 136106 -37023
10/07 -86330 125859 -39529
10/07 -86371 127594 -41223
10/07 -87922 131109 -43187
10/07 -87018 127999 -40981
09/07 -88079 123556 -35477
09/07 -75771 107742 -31971
09/07 -71692 103173 -31481
09/07 -72698 102598 -29900
08/07 -69332 101151 -31819
08/07 -64842 96119 -31277
08/07 -87597 109577 -21980
08/07 -81318 103789 -22471
07/07 -82719 104179 -21460
07/07 -91580 118642 -27062
07/07 -112184 134809 -22625
07/07 -118004 138993 -20989
07/07 -105767 127593 -21826
06/07 -104585 124707 -20122
06/07 -119455 142534 -23079
06/07 -120332 139214 -18882
06/07 -118325 143065 -24740
05/07 -97552 124098 -26546
05/07 -89582 118552 -28970
05/07 -68840 98653 -29813
05/07 -41694 75921 -34227
05/07 -40858 75435 -34577
04/07 -30403 62103 -31700
04/07 -56386 84681 -28295
04/07 -69288 95142 -25854
04/07 -85183 106379 -21196
03/07 -83246 104111 -20865
03/07 -80687 100931 -20244
03/07 -77516 96066 -18550
03/07 -68568 87121 -18553
02/07 -89465 111383 -21918
02/07 -80168 104557 -24389
02/07 -76257 103164 -26907
02/07 -80971 107690 -26719
01/07 -68025 92041 -24016
01/07 -62474 87968 -25494
01/07 -48453 72733 -24280
01/07 -38381 66136 -27755
01/07 -45256 71282 -26026
12/07 -1211 13995 -12784
12/07 -650 14009 -13359
12/07 -842 15070 -14228
12/07 -789 14510 -13721
12/07 -703 13645 -12942
11/07 -848 15058 -14210
11/07 -780 15120 -14340
11/07 -716 13736 -13020
11/07 -650 12761 -12111
10/07 -234 11541 -11307
10/07 -705 12027 -11322
10/07 -484 12348 -11864
10/07 -782 12368 -11586
10/07 -1168 13030 -11862
09/07 -1146 12784 -11638
09/07 -1086 12461 -11375
09/07 -1213 12145 -10932
09/07 -965 12977 -12012
08/07 -1001 11773 -10772
08/07 -985 10565 -9580
08/07 -973 10514 -9541
08/07 -1177 10654 -9477
07/07 -1020 11312 -10292
07/07 -1002 12064 -11062
07/07 -1120 12134 -11014
07/07 -1091 12515 -11424
07/07 -1049 12142 -11093
06/07 -1172 12187 -11015
06/07 -1413 14201 -12788
06/07 -1372 12661 -11289
06/07 -1083 12096 -11013
05/07 -1005 12149 -11144
05/07 -981 11724 -10743
05/07 -682 9931 -9249
05/07 -697 9544 -8847
05/07 -686 9804 -9118
04/07 -655 10102 -9447
04/07 -862 9531 -8669
04/07 -874 9470 -8596
03/07 -525 9327 -8802
03/07 -500 8675 -8175
03/07 -512 8678 -8166
03/07 -498 7828 -7330
02/07 -643 7689 -7046
02/07 -780 7124 -6344
02/07 -987 7426 -6439
02/07 -794 6571 -5777
01/07 -782 6226 -5444
01/07 -757 6480 -5723
01/07 -942 7810 -6868
01/07 -1027 6110 -5083
12/06 -26746 54742 -27996
12/06 -24187 54308 -30121
12/06 -25716 54908 -29192
12/06 -18174 48387 -30213
11/06 -15903 48259 -32356
11/06 548 35895 -36443
11/06 -7540 39993 -32453
11/06 -7707 33899 -26192
10/06 7375 22757 -30132
10/06 -1400 30782 -29382
10/06 14429 11027 -25456
10/06 40943 -17767 -23176
10/06 66407 -38396 -28011
09/06 69576 -43054 -26522
09/06 68228 -42299 -25929
09/06 70180 -43491 -26689
09/06 67732 -40184 -27548
08/06 64542 -39776 -24766
08/06 63523 -41425 -22098
08/06 67723 -44326 -23397
08/06 63743 -41240 -22503
08/06 60305 -35533 -24772
07/06 43829 -18009 -25820
07/06 35679 -7316 -28363
07/06 32513 -3930 -28583
07/06 46538 -11912 -34626
06/06 66403 -34315 -32088
06/06 46288 -12072 -34216
06/06 38817 -3229 -35588
06/06 50129 -12484 -37645
05/06 62678 -25689 -36989
05/06 51491 -12375 -39116
05/06 33471 6101 -39572
05/06 42802 -2649 -40153
05/06 54030 -14028 -40002
04/06 83699 -39846 -43853
04/06 78075 -40022 -38053
04/06 88292 -47070 -41222
04/06 89468 -43207 -46261
03/06 72410 -33954 -38456
03/06 68965 -30030 -38935
03/06 52412 -15519 -36893
03/06 41673 -4343 -37330
02/06 41809 -3816 -37993
02/06 28865 14521 -43386
02/06 34888 -1764 -33124
02/06 43594 -6785 -36809
01/06 49075 -13860 -35215
01/06 53235 -21504 -31731
01/06 44983 -12745 -32238
01/06 29496 4948 -34444
01/06 16118 15122 -31240
12/06 -419 5263 -4844
12/06 -66 7854 -7788
12/06 -45 6137 -6092
11/06 -25 5971 -5946
11/06 30 5946 -5976
11/06 34 7846 -7880
11/06 -273 6769 -6496
10/06 -197 5537 -5340
10/06 -105 1940 -1835
10/06 -95 5806 -5711
10/06 -121 5941 -5820
09/06 -333 6603 -6270
09/06 -326 6950 -6624
09/06 -536 7164 -6628
09/06 -533 6955 -6422
08/06 -716 7098 -6382
08/06 -716 7007 -6291
08/06 -494 6968 -6474
08/06 -473 7391 -6918
08/06 -470 6878 -6408
07/06 -460 7219 -6759
07/06 -441 8940 -8499
07/06 -433 8809 -8376
06/06 -408 8841 -8433
06/06 90 7899 -7989
05/06 155 9074 -9229
05/06 57 9665 -9722
05/06 -178 9790 -9612
05/06 -161 9067 -8906
05/06 -130 7887 -7757
04/06 120 6616 -6736
04/06 63 6480 -6543
04/06 -218 7609 -7391
04/06 371 6945 -7316
03/06 -217 5733 -5516
03/06 0 4649 -4649
03/06 0 4786 -4786
03/06 0 4695 -4695
02/06 0 4598 -4598
01/06 -213 4132 -3919
01/06 -195 5463 -5268
01/06 -186 5785 -5599
12/05 17800 11499 -29299
12/05 20627 6247 -26874
12/05 34712 -12522 -22190
12/05 49574 -27565 -22009
11/05 51282 -28271 -23011
11/05 35849 -13364 -22485
11/05 18748 5595 -24343
11/05 21944 4017 -25961
11/05 26396 3081 -29477
10/05 28581 962 -29543
10/05 19094 11770 -30864
10/05 29172 4064 -33236
10/05 26738 2207 -28945
09/05 23422 1914 -25336
09/05 15604 9867 -25471
09/05 4789 15936 -20725
09/05 -3677 21189 -17512
08/05 -4877 22012 -17135
08/05 -14403 29180 -14777
08/05 -21627 38153 -16526
08/05 -26525 37558 -11033
08/05 -37893 46274 -8381
07/05 -32443 41780 -9337
07/05 -34556 40367 -5811
07/05 -34496 42938 -8442
07/05 -39155 47081 -7926
06/05 -45289 56593 -11304
06/05 -42629 54580 -11951
06/05 -35592 57605 -22013
06/05 -26906 50365 -23459
05/05 -17019 40628 -23609
05/05 -2734 26460 -23726
05/05 21732 4878 -26610
05/05 4939 22027 -26966
05/05 18029 12627 -30656
04/05 13208 20651 -33859
04/05 24675 12104 -36779
04/05 39118 992 -40110
04/05 34260 8671 -42931
03/05 30538 14117 -44655
03/05 29443 17642 -47085
03/05 35462 9379 -44841
03/05 37019 6357 -43376
03/05 41988 -7884 -34104
02/05 52380 -29219 -23161
02/05 62272 -49556 -12716
02/05 83213 -78161 -5052
02/05 84640 -75759 -8881
01/05 80247 -72714 -7533
01/05 80572 -74314 -6258
01/05 62890 -51538 -11352
01/05 58052 -45070 -12982
07/05 -768 8363 -7595
07/05 -940 8982 -8042
07/05 -916 9300 -8384
06/05 -926 12038 -11112
06/05 -902 13628 -12726
06/05 -822 10009 -9187
06/05 -777 10215 -9438
05/05 -725 9797 -9072
05/05 -607 7489 -6882
05/05 -601 8063 -7462
04/05 -475 8996 -8521
04/05 -755 7778 -7023
04/05 -853 9470 -8617
04/05 -658 8995 -8337
03/05 -553 9325 -8772
03/05 -551 9739 -9188
03/05 -360 8944 -8584
03/05 -237 7227 -6990
03/05 -205 6262 -6057
02/05 -269 1541 -1272
12/04 44436 -30569 -13867
12/04 42334 -33005 -9329
12/04 47568 -37522 -10046
12/04 58983 -49576 -9407
11/04 39681 -28988 -10693
11/04 37399 -27457 -9942
11/04 52859 -42050 -10809
11/04 74458 -60210 -14248
11/04 71174 -51425 -19749
10/04 58919 -35874 -23045
10/04 75290 -47645 -27645
10/04 75426 -50742 -24684
10/04 67317 -44217 -23100
09/04 59432 -37613 -21819
09/04 55330 -32339 -22991
09/04 44479 -26067 -18412
09/04 37175 -19461 -17714
08/04 38065 -19121 -18944
08/04 37841 -22301 -15540
08/04 38505 -20948 -17557
08/04 36185 -19468 -16717
08/04 29247 -11173 -18074
07/04 29056 -15004 -14052
07/04 16437 -7772 -8665
07/04 -1144 1756 -612
07/04 -9888 9757 131
06/04 -15581 17627 -2046
06/04 -23124 26062 -2938
06/04 -26181 24699 1482
06/04 -20509 21670 -1161
06/04 -24652 22986 1666
05/04 -27162 22838 4324
05/04 -24571 18304 6267
05/04 -56089 41829 14260
05/04 -55335 40465 14870
04/04 -48989 38187 10802
04/04 -42258 33669 8589
04/04 -49412 35896 13516
04/04 -58553 43113 15440
03/04 -70130 53250 16880
03/04 -68857 54273 14584
03/04 -67772 57264 10508
03/04 -67042 55836 11206
03/04 -67726 58754 8972
02/04 -68561 56738 11823
02/04 -63271 46872 16399
02/04 -69962 47433 22529
02/04 -73590 52616 20974
01/04 -92309 70527 21782
01/04 -89322 69042 20280
01/04 -87355 68802 18553
01/04 -79665 60331 19334
09/04 -522 6208 -5686
08/04 -399 6630 -6231
08/04 -370 5562 -5192
07/04 -387 6475 -6088
06/04 -247 3905 -3658
06/04 -253 4262 -4009
06/04 -252 4862 -4610
06/04 -250 4975 -4725
05/04 -249 5219 -4970
05/04 -259 5605 -5346
05/04 -254 5346 -5092
05/04 -285 5290 -5005
04/04 -415 6086 -5671
04/04 -419 5539 -5120
04/04 -592 4598 -4006
04/04 -580 4804 -4224
03/04 -497 4952 -4455
03/04 -455 4567 -4112
03/04 -300 3630 -3330
03/04 -279 2490 -2211
02/04 -195 2029 -1834
12/03 -73147 58888 14259
12/03 -71406 54140 17266
12/03 -70885 51582 19303
12/03 -74583 58760 15823
12/03 -67125 50687 16438
11/03 -62902 47680 15222
11/03 -64050 47666 16384
11/03 -66516 48407 18109
11/03 -64409 48785 15624
10/03 -72988 59255 13733
10/03 -69891 61727 8164
10/03 -56285 56790 -505
10/03 -52364 51918 446
09/03 -44531 48163 -3632
09/03 -30079 34471 -4392
09/03 -21085 26031 -4946
09/03 -17802 21966 -4164
09/03 -8614 10383 -1769
08/03 -4684 6140 -1456
08/03 6605 -1254 -5351
08/03 26364 -20492 -5872
08/03 40737 -36672 -4065
07/03 40244 -35567 -4677
07/03 35501 -28384 -7117
07/03 23210 -15389 -7821
07/03 10150 -6309 -3841
07/03 -8386 12837 -4451
06/03 -17385 22691 -5306
06/03 -11894 19277 -7383
06/03 -21868 27670 -5802
06/03 -18671 24266 -5595
05/03 -36924 40044 -3120
05/03 -47494 48441 -947
05/03 -52937 50773 2164
05/03 -58508 56487 2021
04/03 -60764 60156 608
04/03 -63481 64769 -1288
04/03 -65801 70066 -4265
04/03 -64075 66858 -2783
04/03 -47942 46348 1594
03/03 -52040 49940 2100
03/03 -54294 52145 2149
03/03 -52203 48316 3887
03/03 -62415 62927 -512
02/03 -63624 60274 3350
02/03 -52233 48354 3879
02/03 -54999 45799 9200
02/03 -52876 43185 9691
01/03 -56553 48943 7610
01/03 -44960 35182 9778
01/03 -57917 45143 12774
01/03 -84918 70541 14377
11/03 -141 1551 -1410
10/03 -127 1732 -1605
10/03 -179 3368 -3189
10/03 -160 3655 -3495
10/03 -155 3116 -2961
09/03 -150 3342 -3192
09/03 -134 5020 -4886
09/03 -344 4605 -4261
08/03 -115 4210 -4095
08/03 0 4402 -4402
08/03 0 2444 -2444
07/03 0 2761 -2761
07/03 0 3231 -3231
12/02 -63230 50350 12880
12/02 -65121 53423 11698
12/02 -66256 51631 14625
12/02 -70825 54177 16648
12/02 -76500 57737 18763
11/02 -79162 57314 21848
11/02 -69001 49785 19216
11/02 -64533 44163 20370
11/02 -65093 46186 18907
10/02 -60715 40463 20252
10/02 -60706 45030 15676
10/02 -59246 44387 14859
10/02 -55030 43192 11838
10/02 -57828 45656 12172
09/02 -61419 49981 11438
09/02 -61556 48651 12905
09/02 -54328 39890 14438
09/02 -47157 30342 16815
08/02 -47088 33312 13776
08/02 -58673 41817 16856
08/02 -65960 48597 17363
08/02 -61419 42532 18887
07/02 -58763 41873 16890
07/02 -73133 51071 22062
07/02 -74343 52498 21845
07/02 -67011 49931 17080
07/02 -55682 41933 13749
06/02 -37163 30412 6751
06/02 -31218 32681 -1463
06/02 -36080 38241 -2161
06/02 -35282 36707 -1425
05/02 -26196 31620 -5424
05/02 -23116 26734 -3618
05/02 -14414 15085 -671
05/02 -6466 7043 -577
04/02 -8478 9666 -1188
04/02 -13934 15644 -1710
04/02 -12100 14030 -1930
04/02 -15106 17527 -2421
04/02 -29646 30282 -636
03/02 -22012 24282 -2270
03/02 -27304 27495 -191
03/02 -27525 25486 2039
03/02 -16077 8509 7568
02/02 -11860 109 11751
02/02 -9499 -6854 16353
02/02 -4836 -10534 15370
02/02 -5399 -8809 14208
01/02 -7991 -3013 11004
01/02 -16091 6875 9216
01/02 -16277 1731 14546
01/02 -3341 -16657 19998
12/01 -1326 -18041 19367
12/01 -8128 -10928 19056
12/01 -5330 -12795 18125
12/01 -10983 -7819 18802
12/01 -11706 -7481 19187
11/01 -5245 -12207 17452
11/01 -14206 -4667 18873
11/01 -8887 -11035 19922
11/01 -800 -15673 16473
10/01 -10257 -6124 16381
10/01 -4787 -12573 17360
10/01 -10995 -7440 18435
10/01 -22484 2530 19954
10/01 -20786 1494 19292
09/01 -22972 2003 20969
09/01 -32001 9678 22323
09/01 -28319 10215 18104
09/01 -37951 13181 24770
08/01 -38120 11727 26393
08/01 -42390 14680 27710
08/01 -48994 22138 26856
08/01 -47791 21842 25949
07/01 -58887 33338 25549
07/01 -66646 43020 23626
07/01 -69214 43819 25395
07/01 -53503 32209 21294
07/01 -42701 23200 19501
06/01 -22336 3489 18847
06/01 -22799 6963 15836
06/01 -25447 7228 18219
06/01 -14305 -6489 20794
05/01 -7680 -10968 18648
05/01 -10705 -8583 19288
05/01 -7436 -12050 19486
05/01 4942 -20315 15373
05/01 4458 -19746 15288
04/01 13640 -30081 16441
04/01 13945 -29916 15971
04/01 16076 -30697 14621
04/01 16297 -30654 14357
03/01 6269 -22158 15889
03/01 3572 -21197 17625
03/01 -3265 -17406 20671
03/01 -6332 -16232 22564
02/01 2488 -24303 21815
02/01 1910 -22396 20486
02/01 898 -18839 17941
02/01 -2456 -15031 17487
01/01 -1999 -12785 14784
01/01 -5297 -10904 16201
01/01 -8439 -4267 12706
01/01 -27714 12461 15253
01/01 -30909 17185 13724
12/00 -34501 19422 15079
12/00 -38928 23326 15602
12/00 -45046 31105 13941
12/00 -34331 19783 14548
11/00 -33431 18835 14596
11/00 -31295 9021 22274
11/00 -30297 8581 21716
11/00 -37018 13098 23920
10/00 -29226 7534 21692
10/00 -31966 5843 26123
10/00 -34492 10371 24121
10/00 -46314 23120 23194
10/00 -41664 19249 22415
09/00 -34488 17729 16759
09/00 -30876 12645 18231
09/00 -33704 15391 18313
09/00 -34071 13984 20087
08/00 -26122 6969 19153
08/00 -21864 1491 20373
08/00 -23631 3792 19839
08/00 -19820 728 19092
08/00 -18950 -818 19768
07/00 -16527 -3693 20220
07/00 -19621 -1843 21464
07/00 -22602 4228 18374
07/00 -28264 5694 22570
06/00 -35949 7898 28051
06/00 -35159 6870 28289
06/00 -30868 6388 24480
06/00 -39416 15898 23518
05/00 -44763 21574 23189
05/00 -62980 34321 28659
05/00 -61629 35883 25746
05/00 -68799 45180 23619
05/00 -66506 44407 22099
04/00 -63459 41829 21630
04/00 -57051 37415 19636
04/00 -61133 40937 20196
04/00 -62325 44956 17369
03/00 -58121 42710 15411
03/00 -55476 40376 15100
03/00 -50390 38317 12073
03/00 -43586 33165 10421
02/00 -42577 30897 11680
02/00 -52310 39486 12824
02/00 -57883 44242 13641
02/00 -55559 42935 12624
02/00 -53016 46614 6402
01/00 -46921 37330 9591
01/00 -37065 25891 11174
01/00 -23853 11640 12213
01/00 -16146 5806 10340
12/99 -15091 3096 11995
12/99 -9433 112 9321
12/99 -14794 6348 8446
12/99 -31894 17491 14403
11/99 -22269 11872 10397
11/99 -11518 6659 4859
11/99 -13133 9490 3643
11/99 -18845 13005 5840
11/99 -18067 18872 -805
10/99 -15591 18066 -2475
10/99 -30875 30280 595
10/99 -27287 23946 3341
10/99 -20813 18682 2131
09/99 -20226 17430 2796
09/99 -13629 13794 -165
09/99 -16893 13669 3224
09/99 -22867 17078 5789
08/99 -16192 9866 6326
08/99 -10348 3948 6400
08/99 -12869 5161 7708
08/99 -19552 11706 7846
08/99 -11143 2576 8567
07/99 912 -10775 9863
07/99 4052 -13713 9661
07/99 16587 -22489 5902
07/99 19520 -25073 5553
06/99 15074 -17751 2677
06/99 14974 -19188 4214
06/99 9122 -12028 2906
06/99 7141 -10913 3772
06/99 23771 -18046 -5725
05/99 27243 -18398 -8845
05/99 28255 -20659 -7596
05/99 25998 -16833 -9165
05/99 26832 -18003 -8829
04/99 21033 -14360 -6673
04/99 13148 -9246 -3902
04/99 17143 -13960 -3183
04/99 18100 -13499 -4601
03/99 18921 -12336 -6585
03/99 17149 -12067 -5082
03/99 21810 -17704 -4106
03/99 23329 -16327 -7002
03/99 17006 -13786 -3220
02/99 24410 -24858 448
02/99 28416 -30040 1624
02/99 28032 -27382 -650
02/99 22962 -20198 -2764
01/99 30596 -26469 -4127
01/99 29027 -23850 -5177
01/99 19444 -14868 -4576
01/99 14164 -9305 -4859
12/98 13568 -8599 -4969
12/98 9717 -5399 -4318
12/98 5910 2412 -8322
12/98 -6617 12055 -5438
12/98 -8652 17786 -9134
11/98 -3878 8784 -4906
11/98 -12606 18035 -5429
11/98 -5548 10331 -4783
11/98 6486 231 -6717
10/98 6943 -2004 -4939
10/98 11505 -4594 -6911
10/98 17817 -10283 -7534
10/98 28735 -23808 -4927
09/98 38677 -29273 -9404
09/98 42665 -31991 -10674
09/98 40996 -28095 -12901
09/98 36472 -27358 -9114
09/98 33103 -24839 -8264
08/98 32689 -26407 -6282
08/98 27440 -23832 -3608
08/98 26151 -21365 -4786
08/98 21084 -17230 -3854
07/98 15652 -14430 -1222
07/98 4996 -8031 3035
07/98 1703 -3735 2032
07/98 2060 -2972 912
06/98 -344 -836 1180
06/98 215 -927 712
06/98 24578 -21838 -2740
06/98 31707 -29534 -2173
06/98 25708 -22034 -3674
05/98 26635 -20396 -6239
05/98 14515 -9897 -4618
05/98 13305 -10862 -2443
05/98 20317 -16903 -3414
04/98 20653 -18461 -2192
04/98 14588 -14057 -531
04/98 28408 -26072 -2336
04/98 28682 -27956 -726
03/98 25063 -24560 -503
03/98 21417 -22457 1040
03/98 15918 -18028 2110
03/98 8133 -13069 4936
03/98 9108 -14099 4991
02/98 3365 -10072 6707
02/98 -4899 -5677 10576
02/98 -14405 3251 11154
02/98 -7615 -5035 12650
01/98 -2499 -10883 13382
01/98 2019 -15200 13181
01/98 -2291 -10903 13194
01/98 2901 -11980 9079
12/97 -23980 -23360 47340
12/97 -27985 -29085 57070
12/97 -8890 -34565 43455
12/97 -54435 -3755 58190
12/97 -83575 37305 46270
12/97 -93700 40990 52710
11/97 -98490 46790 51700
11/97 -86020 46235 39785
11/97 -98270 73050 25220
11/97 -81080 64360 16720
10/97 -61231 48076 13155
10/97 -35955 24960 10995
10/97 47825 -16330 -31495
10/97 91360 -66270 -25090
09/97 186710 -121675 -65035
09/97 192070 -124680 -67390
09/97 172325 -96125 -76200
09/97 166665 -87015 -79650
09/97 141250 -101235 -40015
08/97 138075 -103640 -34435
08/97 115975 -88305 -27670
08/97 89800 -69375 -20425
08/97 59695 -43640 -16055
07/97 57775 -58530 755
07/97 90665 -73630 -17035
07/97 60865 -52790 -8075
07/97 75315 -55905 -19410
07/97 54500 -51875 -2625
06/97 -65315 36275 29040
06/97 -126700 81895 44805
06/97 -123880 92810 31070
06/97 -196545 133900 62645
05/97 -165970 123595 42375
05/97 -215975 148085 67890
05/97 -287340 195460 91880
05/97 -313395 218955 94440
04/97 -287810 206815 80995
04/97 -248585 166800 81785
04/97 -259780 177025 82755
04/97 -305025 216955 88070
04/97 -338020 265110 72910
03/97 -343980 261275 82705
03/97 -355790 269770 86020
03/97 -340435 262190 78245
03/97 -292265 229565 62700
02/97 -272250 205835 66415
02/97 -265555 212920 52635
02/97 -240710 164060 76650
02/97 -229970 174295 55675
01/97 -247745 192920 54825
01/97 -222355 172645 49710
01/97 -171755 125555 46200
01/97 -139980 58530 81450
12/96 -105555 23435 82120
12/96 -98990 11250 87740
12/96 -94780 -6130 100910
12/96 -100550 -19685 120235
12/96 -118100 18770 99330
11/96 -130440 13990 116450
11/96 -110775 17185 93590
11/96 -66275 860 65415
11/96 -71705 28900 42805
10/96 -111570 41820 69750
10/96 -73600 33005 40595
10/96 -65810 53995 11815
10/96 -141550 139145 2405
10/96 -216315 222970 -6655
09/96 -300235 257105 43130
09/96 -305310 278620 26690
09/96 -289925 260545 29380
09/96 -284435 249690 34745
08/96 -280385 238040 42345
08/96 -248375 211335 37040
08/96 -228360 202610 25750
08/96 -207010 182440 24570
07/96 -201170 179805 21365
07/96 -248675 211360 37315
07/96 -314115 257535 56580
07/96 -256690 223120 33570
07/96 -241595 202775 38820
06/96 -245920 197375 48545
06/96 -275170 242365 32805
06/96 -245340 223545 21795
06/96 -263210 238465 24745
05/96 -337280 276900 60380
05/96 -337325 276250 61075
05/96 -328265 268405 59860
05/96 -325165 273220 51945
04/96 -320955 270245 50710
04/96 -352210 272585 79625
04/96 -319630 263655 55975
04/96 -347800 279285 68515
04/96 -334875 274610 60265
03/96 -304540 232320 72220
03/96 -298140 213150 84990
03/96 -313935 222700 91235
03/96 -321860 226240 95620
02/96 -362940 268410 94530
02/96 -327380 238705 88675
02/96 -340695 273665 67030
02/96 -344145 274010 70135
01/96 -343595 262025 81570
01/96 -358040 274695 83345
01/96 -363165 289790 73375
01/96 -397330 296715 100615
01/96 -367325 294235 73090
12/95 -347540 269305 78235
12/95 -348200 272150 76050
12/95 -318275 277790 40485
12/95 -296935 261580 35355
11/95 -256650 219250 37400
11/95 -235420 206345 29075
11/95 -233365 215355 18010
11/95 -281960 241795 40165
10/95 -277285 235005 42280
10/95 -247320 233700 13620
10/95 -217300 179245 38055
10/95 -187850 149260 38590
10/95 -209625 155990 53635
09/95 -212570 161290 51280
09/95 -235955 180265 55690
09/95 -169510 138515 30995
09/95 -150890 108890 42000
08/95 -137950 80855 57095
08/95 -121005 63420 57585
08/95 -110025 65665 44360
08/95 -110280 77975 32305
08/95 -148040 115390 32650
07/95 -188185 146280 41905
07/95 -197440 169640 27800
07/95 -120325 95895 24430
07/95 -94905 73880 21025
06/95 -104365 79530 24835
06/95 -138945 122865 16080
06/95 -83110 78510 4600
06/95 -101725 91555 10170
05/95 -79455 84400 -4945
05/95 -113450 111675 1775
05/95 -37035 16480 20555
05/95 -39585 32870 6715
05/95 -78630 70355 8275
04/95 -71425 54335 17090
04/95 -72550 68545 4005
04/95 -113785 98085 15700
04/95 -56430 43445 12985
03/95 -67235 83170 -15935
03/95 -72055 106705 -34650
03/95 -12070 27200 -15130
03/95 7005 17755 -24760
02/95 48810 -43610 -5200
02/95 53180 -57675 4495
02/95 56310 -65690 9380
02/95 95420 -123105 27685
01/95 105295 -130465 25170
01/95 85530 -106765 21235
01/95 66990 -84085 17095
01/95 75090 -83535 8445
01/95 74685 -58135 -16550
12/94 49545 -30050 -19495
12/94 45150 -36205 -8945
12/94 71000 -59960 -11040
12/94 81940 -83015 1075
11/94 68650 -52805 -15845
11/94 75480 -71260 -4220
11/94 82990 -63955 -19035
11/94 96925 -63755 -33170
11/94 107385 -75220 -32165
10/94 105155 -69245 -35910
10/94 123895 -101910 -21985
10/94 153355 -125120 -28235
10/94 144420 -109760 -34660
09/94 143445 -97420 -46025
09/94 119270 -78495 -40775
09/94 67200 -34495 -32705
09/94 37420 -14410 -23010
08/94 36405 -19830 -16575
08/94 29185 -15605 -13580
08/94 855 -19025 18170
08/94 -10935 -5300 16235
08/94 -340 -11140 11480
07/94 -8065 -3295 11360
07/94 -47830 24235 23595
07/94 -71605 50715 20890
07/94 -136445 85330 51115
06/94 -213680 158850 54830
06/94 -285675 185385 100290
06/94 -277695 177890 99805
06/94 -246145 171690 74455
05/94 -283180 199885 83295
05/94 -291620 222375 69245
05/94 -197045 97670 99375
05/94 -148300 57545 90755
05/94 -149285 54800 94485
04/94 -168275 62715 105560
04/94 -179040 71900 107140
04/94 -195385 88975 106410
04/94 -234650 109260 125390
03/94 -329250 199970 129280
03/94 -321920 195865 126055
03/94 -312025 180220 131805
03/94 -259630 129340 130290
03/94 -288400 151320 137080
02/94 -285525 144990 140535
02/94 -306450 182020 124430
02/94 -299630 177690 121940
02/94 -327340 221365 105975
01/94 -351015 235245 115770
01/94 -361190 243730 117460
01/94 -350640 220425 130215
01/94 -345000 231435 113565
12/93 -330330 211720 118610
12/93 -294290 163755 130535
12/93 -291405 163515 127890
12/93 -293985 150470 143515
11/93 -284270 153285 130985
11/93 -317235 186750 130485
11/93 -281445 164155 117290
11/93 -221000 113420 107580
11/93 -214475 106490 107985
10/93 -206425 76065 130360
10/93 -222785 100535 122250
10/93 -214915 114800 100115
10/93 -209305 104635 104670
09/93 -235010 114900 120110
09/93 -258945 128140 130805
09/93 -255845 130450 125395
09/93 -291130 151620 139510
08/93 -345325 181965 163360
08/93 -344440 177715 166725
08/93 -341435 184625 156810
08/93 -391395 207555 183840
08/93 -444560 246235 198325
07/93 -443950 239855 204095
07/93 -473655 259430 214225
07/93 -452345 257395 194950
07/93 -429270 246545 182725
06/93 -365580 223780 141800
06/93 -323890 191515 132375
06/93 -230180 123640 106540
06/93 -232005 126840 105165
06/93 -261815 153315 108500
05/93 -315755 189165 126590
05/93 -298395 174045 124350
05/93 -297145 168965 128180
05/93 -225685 124020 101665
04/93 -268250 140555 127695
04/93 -244800 113295 131505
04/93 -260635 128085 132550
04/93 -251520 118740 132780
03/93 -225135 104630 120505
03/93 -231300 115645 115655
03/93 -173050 67690 105360
03/93 -160900 65160 95740
03/93 -162355 78265 84090
02/93 -125200 47250 77950
02/93 -110290 45330 64960
02/93 -92845 35715 57130
02/93 -116485 62815 53670
01/93 -135235 79995 55240
01/93 -144405 89010 55395
01/93 -139115 84245 54870
01/93 -105575 51985 53590
12/92 -101525 68555 32970
12/92 -109990 65900 44090
12/92 -104840 69300 35540
12/92 -67325 38170 29155
12/92 -70835 46870 23965
11/92 -77245 48270 28975
11/92 -76485 49170 27315
11/92 -50365 31305 19060
11/92 -62955 41395 21560
10/92 -44535 25685 18850
10/92 -18100 11845 6255
10/92 9000 -985 -8015
10/92 38870 -15565 -23305
09/92 9945 -5220 -4725
09/92 -23960 21925 2035
08/92 -17220 14305 2915
08/92 -34675 21445 13230
07/92 -47935 27480 20455
07/92 -108060 81660 26400
06/92 -219525 121240 98285
06/92 -228225 145920 82305
05/92 -226475 164740 61735
05/92 -266245 185740 80505
04/92 -165525 87820 77705
04/92 -168015 90985 77030
03/92 -201475 129875 71600
03/92 -230945 165510 65435
02/92 -206180 130010 76170
02/92 -157030 65620 91410
01/92 -161560 81660 79900
01/92 -144910 73190 71720
12/91 -95590 12240 83350
12/91 -92125 7050 85075
11/91 -114345 27765 86580
11/91 -92230 18040 74190
10/91 -102685 52295 50390
10/91 -97840 47820 50020
09/91 -139285 77180 62105
09/91 -143535 75840 67695
08/91 -126535 81950 44585
08/91 -85525 46935 38590
07/91 -93450 31050 62400
07/91 -37600 8390 29210
06/91 -26740 -6135 32875
06/91 -66405 12380 54025
05/91 -80525 20760 59765
05/91 -51660 -9915 61575
04/91 -79230 18810 60420
04/91 -115175 28210 86965
03/91 -77610 100 77510
03/91 -80345 14960 65385
02/91 -84255 28645 55610
02/91 -59595 8285 51310
01/91 -26970 -2795 29765
01/91 4965 -21735 16770
12/90 2540 -15810 13270
12/90 -31635 8860 22775
11/90 -23720 1815 21905
11/90 -470 -18325 18795
10/90 -41150 20825 20325
10/90 -46600 24630 21970
09/90 -50040 33695 16345
09/90 -92015 65285 26730
08/90 -57410 54355 3055
08/90 -71240 53420 17820
07/90 -44865 29065 15800
07/90 -79765 51020 28745
06/90 -85155 59610 25545
06/90 -23945 23290 655
05/90 -53265 57410 -4145
05/90 -81635 67825 13810
04/90 -108270 88805 19465
04/90 -35855 28120 7735
03/90 -65830 40680 25150
03/90 -61865 34920 26945
02/90 22365 -20355 -2010
02/90 26025 -27515 1490
01/90 46500 -40170 -6330
01/90 9350 -17940 8590
12/89 -1495 -3670 5165
12/89 -41295 28040 13255
11/89 -25160 13560 11600
11/89 -57500 38480 19020
10/89 9465 4420 -13885
10/89 20225 -26505 6280
09/89 23015 -23795 780
09/89 29225 -15380 -13845
08/89 24070 1070 -25140
08/89 20940 -12800 -8140
07/89 48475 -25520 -22955
07/89 -6820 2290 4530
06/89 -6465 8250 -1785
06/89 -10935 -1160 12095
05/89 12655 -24235 11580
05/89 -48720 17050 31670
04/89 -30300 12545 17755
04/89 -38030 3455 34575
03/89 -32435 -14405 46840
03/89 -81480 12750 68730
02/89 -78410 13475 64935
02/89 -49595 -3615 53210
01/89 -88595 15785 72810
01/89 -129510 67270 62240
12/88 -84260 57410 26850
12/88 -78830 50820 28010
11/88 -62965 37930 25035
11/88 -65125 33350 31775
10/88 -68745 42390 26355
10/88 -99135 67015 32120
09/88 -89380 83155 6225
09/88 -153510 127115 26395
08/88 -104775 91600 13175
08/88 -129170 96570 32600
07/88 -116950 106795 10155
07/88 -192220 118680 73540
06/88 -197505 110380 87125
06/88 -256345 165075 91270
05/88 -260220 169050 91170
05/88 -235765 174525 61240
04/88 -225565 161165 64400
04/88 -163375 88095 75280
03/88 -166445 125580 40865
03/88 -98485 49925 48560
02/88 -170990 106815 64175
02/88 -139045 97795 41250
01/88 -125085 75645 49440
01/88 -171540 109495 62045
12/87 -148975 106955 42020
12/87 -160665 95755 64910
11/87 -190440 117310 73130
11/87 -175230 98795 76435
10/87 -115500 58670 56830
10/87 -175150 94045 81105
09/87 -97805 36695 61110
09/87 -55275 9155 46120
08/87 -46290 2335 43955
08/87 -63960 9170 54790
07/87 -102560 33120 69440
07/87 -105370 34120 71250
06/87 -101960 40755 61205
06/87 -147800 76615 71185
05/87 -59920 33340 26580
05/87 -92510 47210 45300
04/87 -46705 37010 9695
04/87 -41715 40425 1290
03/87 -7880 10390 -2510
03/87 16910 6595 -23505
02/87 60760 -25925 -34835
02/87 65700 -12460 -53240
01/87 12175 17675 -29850
01/87 12805 4995 -17800
12/86 22330 2780 -25110
12/86 25850 -9410 -16440
11/86 -31210 17525 13685
11/86 -22550 22710 -160
10/86 -9540 10530 -990
10/86 59625 -45555 -14070
09/86 13700 -8100 -5600
09/86 -480930 -21370 502300
08/86 30140 -15815 -14325
08/86 20490 -18555 -1935
07/86 -38075 17250 20825
07/86 1650 -7200 5550
06/86 32245 -32240 -5
06/86 -8870 -9175 18045
05/86 -39200 15980 23220
05/86 -56795 26025 30770
04/86 -66230 26545 39685
04/86 3705 -22425 18720
03/86 -78825 34375 44450
03/86 -75675 29100 46575
02/86 -6875 -3585 10460
02/86 -39750 7715 32035
01/86 -55360 26730 28630
01/86 -58725 36275 22450
02/19 48504 -5322 -43182
02/19 32003 6892 -38895
01/19 29898 8572 -38470
01/19 49493 -11837 -37656
01/19 39592 -4107 -35485
01/19 25128 10774 -35902
02/19 48504 -5322 -43182
02/19 32003 6892 -38895
01/19 29898 8572 -38470
01/19 49493 -11837 -37656
01/19 39592 -4107 -35485
01/19 25128 10774 -35902
02/19 48504 -5322 -43182
02/19 32003 6892 -38895
01/19 29898 8572 -38470
01/19 49493 -11837 -37656
01/19 39592 -4107 -35485
01/19 25128 10774 -35902
02/19 48504 -5322 -43182
02/19 32003 6892 -38895
01/19 29898 8572 -38470
01/19 49493 -11837 -37656
01/19 39592 -4107 -35485
01/19 25128 10774 -35902
02/19 48504 -5322 -43182
02/19 32003 6892 -38895
01/19 29898 8572 -38470
01/19 49493 -11837 -37656
01/19 39592 -4107 -35485
01/19 25128 10774 -35902
