02/19 -8958 18441 -9483
01/19 3123 5763 -8886
01/19 -9801 19242 -9441
01/19 -5978 17047 -11069
01/19 -1222 11015 -9793
12/18 9118 -1154 -7964
12/18 1893 10068 -11961
12/18 -7219 17594 -10375
12/18 11649 1660 -13309
12/18 12812 -2092 -10720
11/18 25854 -15569 -10285
11/18 -2111 9839 -7728
11/18 -11563 21381 -9818
11/18 -2264 9859 -7595
10/18 1393 7769 -9162
10/18 -14004 20328 -6324
10/18 -26287 32885 -6598
10/18 -24611 32929 -8318
10/18 -27645 35145 -7500
09/18 -25562 36560 -10998
09/18 -27308 36629 -9321
09/18 -35280 45523 -10243
09/18 -50758 60599 -9841
08/18 -56255 63900 -7645
08/18 -74863 79361 -4498
08/18 -76275 82811 -6536
08/18 -77177 86528 -9351
07/18 -59929 75028 -15099
07/18 -33873 49477 -15604
07/18 -22505 38559 -16054
07/18 -12206 31079 -18873
07/18 -12258 30788 -18530
06/18 2263 15625 -17888
06/18 -991 18401 -17410
06/18 -35949 49716 -13767
06/18 -27977 40196 -12219
05/18 -31875 45129 -13254
05/18 -31619 41849 -10230
05/18 -11528 22644 -11116
05/18 -20089 31503 -11414
05/18 -11643 23316 -11673
04/18 14769 -3591 -11178
04/18 9959 1911 -11870
04/18 5331 5359 -10690
04/18 24859 -16590 -8269
03/18 26227 -15216 -11011
03/18 12687 -4401 -8286
03/18 4356 1628 -5984
03/18 -3869 8807 -4938
02/18 23386 -15940 -7446
02/18 35415 -27458 -7957
02/18 22564 -16435 -6129
02/18 48300 -48708 408
01/18 49548 -47294 -2254
01/18 97584 -95971 -1613
01/18 96221 -95164 -1057
01/18 80285 -78378 -1907
01/18 84887 -83238 -1649
12/17 96335 -94767 -1568
12/17 99085 -98684 -401
12/17 100376 -99863 -513
12/17 77044 -74071 -2973
11/17 83012 -82289 -723
11/17 69296 -66825 -2471
11/17 69612 -66771 -2841
11/17 81604 -79046 -2558
10/17 70200 -71243 1043
10/17 39074 -32903 -6171
10/17 37707 -31614 -6093
10/17 31857 -24055 -7802
10/17 27314 -19142 -8172
09/17 29706 -23377 -6329
09/17 34341 -30379 -3962
09/17 33995 -31142 -2853
09/17 39611 -36031 -3580
08/17 36210 -33233 -2977
08/17 32158 -27600 -4558
08/17 18834 -12828 -6006
08/17 8504 -3953 -4551
08/17 -9525 15513 -5988
07/17 -16519 20766 -4247
07/17 -25071 22182 2889
07/17 -26841 27438 -597
07/17 -4348 14757 -10409
06/17 9926 -9179 -747
06/17 11743 -11083 -660
06/17 58560 -60516 1956
06/17 69804 -76590 6786
05/17 79756 -83735 3979
05/17 69042 -76689 7647
05/17 83170 -89400 6230
05/17 72432 -76293 3861
05/17 78192 -84985 6793
04/17 122534 -130036 7502
04/17 96882 -102882 6000
04/17 82577 -85285 2708
04/17 81155 -86931 5776
03/17 84424 -88705 4281
03/17 68471 -72815 4344
03/17 53759 -57742 3983
03/17 25816 -26482 666
02/17 20330 -23516 3186
02/17 6291 -8327 2036
02/17 21553 -23043 1490
02/17 47607 -51899 4292
01/17 60500 -64074 3574
01/17 54946 -58258 3312
01/17 46889 -51709 4820
01/17 43397 -47186 3789
01/17 62295 -72444 10149
12/16 75542 -83796 8254
12/16 79299 -83618 4319
12/16 65572 -70271 4699
12/16 86441 -91362 4921
11/16 89993 -91844 1851
11/16 64593 -72660 8067
11/16 83812 -93262 9450
11/16 70427 -78877 8450
11/16 65320 -75379 10059
10/16 78311 -86712 8401
10/16 55826 -63104 7278
10/16 81264 -92537 11273
10/16 102260 -113320 11060
09/16 86323 -93911 7588
09/16 87544 -94675 7131
09/16 84922 -92573 7651
09/16 92870 -100118 7248
08/16 86132 -92187 6055
08/16 65003 -74184 9181
08/16 68343 -74962 6619
08/16 78328 -88221 9893
08/16 91028 -98776 7748
07/16 95671 -103009 7338
07/16 85271 -92121 6850
07/16 84317 -90634 6317
07/16 81805 -83644 1839
06/16 65439 -69828 4389
06/16 47268 -51206 3938
06/16 40842 -44704 3862
06/16 40275 -48894 8619
05/16 74004 -78594 4590
05/16 73853 -78881 5028
05/16 60525 -66121 5596
05/16 66082 -70500 4418
05/16 62918 -60812 -2106
04/16 63480 -62183 -1297
04/16 75431 -82031 6600
04/16 100779 -105685 4906
04/16 72325 -71518 -807
03/16 73931 -77912 3981
03/16 83834 -84889 1055
03/16 70452 -70723 271
03/16 89328 -89747 419
03/16 103893 -102349 -1544
02/16 92481 -93606 1125
02/16 80792 -78984 -1808
02/16 83091 -81473 -1618
02/16 57350 -56007 -1343
01/16 58155 -55743 -2412
01/16 72159 -67327 -4832
01/16 73093 -66758 -6335
01/16 94404 -88670 -5734
12/15 77962 -75365 -2597
12/15 68913 -62774 -6139
12/15 55136 -48916 -6220
12/15 75148 -68345 -6803
12/15 74464 -67807 -6657
11/15 54254 -47301 -6953
11/15 56290 -46180 -10110
11/15 41959 -33083 -8876
11/15 39974 -31039 -8935
10/15 49311 -44471 -4840
10/15 74188 -66927 -7261
10/15 37716 -31506 -6210
10/15 32788 -25574 -7214
09/15 42004 -37006 -4998
09/15 51568 -45153 -6415
09/15 57348 -51371 -5977
09/15 62065 -55151 -6914
09/15 42756 -37444 -5312
08/15 24419 -14592 -9827
08/15 16755 -7633 -9122
08/15 17459 -11397 -6062
08/15 15193 -9730 -5463
07/15 -237 4353 -4116
07/15 -14287 13293 994
07/15 -16062 15727 335
07/15 -14593 19678 -5085
06/15 1299 1907 -3206
06/15 46547 -43555 -2992
06/15 42484 -37810 -4674
06/15 25744 -21273 -4471
06/15 61987 -57754 -4233
05/15 68630 -62993 -5637
05/15 60153 -52802 -7351
05/15 77020 -72527 -4493
05/15 85056 -77413 -7643
04/15 76686 -69920 -6766
04/15 66269 -59831 -6438
04/15 62506 -58739 -3767
04/15 44577 -43211 -1366
03/15 53766 -48777 -4989
03/15 44864 -39870 -4994
03/15 39151 -32331 -6820
03/15 47342 -36788 -10554
03/15 37204 -29107 -8097
02/15 32457 -23268 -9189
02/15 25203 -18170 -7033
02/15 27505 -17136 -10369
02/15 31369 -19366 -12003
01/15 12320 -78 -12242
01/15 10255 1368 -11623
01/15 4089 6434 -10523
01/15 -383 6978 -6595
12/14 -6027 13534 -7507
12/14 -14083 21896 -7813
12/14 -12717 22153 -9436
12/14 2116 7001 -9117
12/14 15572 -5138 -10434
11/14 22171 -8373 -13798
11/14 30697 -20362 -10335
11/14 42073 -29247 -12826
11/14 42457 -27506 -14951
10/14 48964 -34919 -14045
10/14 59944 -46741 -13203
10/14 67344 -51973 -15371
10/14 71026 -58555 -12471
09/14 73180 -56180 -17000
09/14 77073 -59649 -17424
09/14 65455 -47946 -17509
09/14 61758 -45397 -16361
09/14 52373 -40771 -11602
08/14 52494 -39252 -13242
08/14 52064 -43103 -8961
08/14 55829 -48326 -7503
08/14 64026 -55690 -8336
07/14 71012 -62690 -8322
07/14 57448 -48393 -9055
07/14 51661 -42704 -8957
07/14 48657 -39650 -9007
07/14 43664 -33418 -10246
06/14 43225 -33536 -9689
06/14 18261 -4786 -13475
06/14 14266 -729 -13537
06/14 1834 14479 -16313
05/14 -9089 24165 -15076
05/14 -10897 23476 -12579
05/14 -27796 38352 -10556
05/14 -29814 36798 -6984
04/14 -25301 36167 -10866
04/14 -5403 17491 -12088
04/14 -13713 20951 -7238
04/14 -17128 23881 -6753
04/14 -15447 26657 -11210
03/14 -12175 21575 -9400
03/14 -4077 11827 -7750
03/14 -225 6724 -6499
03/14 18361 -6987 -11374
02/14 31058 -18690 -12368
02/14 36413 -26974 -9439
02/14 52308 -40483 -11825
02/14 59971 -48953 -11018
01/14 72084 -57742 -14342
01/14 69295 -50976 -18319
01/14 68732 -50158 -18574
01/14 78276 -60369 -17907
12/13 78684 -61992 -16692
12/13 78266 -58377 -19889
12/13 80426 -60619 -19807
02/19 1403 8848 -10251
02/19 -8958 18441 -9483
01/19 3123 5763 -8886
01/19 -9801 19242 -9441
01/19 -5978 17047 -11069
01/19 -1222 11015 -9793
02/19 1403 8848 -10251
02/19 -8958 18441 -9483
01/19 3123 5763 -8886
01/19 -9801 19242 -9441
01/19 -5978 17047 -11069
01/19 -1222 11015 -9793
02/19 1403 8848 -10251
02/19 -8958 18441 -9483
01/19 3123 5763 -8886
01/19 -9801 19242 -9441
01/19 -5978 17047 -11069
01/19 -1222 11015 -9793
02/19 1403 8848 -10251
02/19 -8958 18441 -9483
01/19 3123 5763 -8886
01/19 -9801 19242 -9441
01/19 -5978 17047 -11069
01/19 -1222 11015 -9793
02/19 1403 8848 -10251
02/19 -8958 18441 -9483
01/19 3123 5763 -8886
01/19 -9801 19242 -9441
01/19 -5978 17047 -11069
01/19 -1222 11015 -9793
